0.000e+00 4.6174897747909e-03 6.1164153838663e-03
1.381e-02 6.8538516548546e-03 6.3294709879762e-03
3.634e-02 9.1515043493713e-03 6.6013373791246e-03
6.710e-02 1.0063190660031e-02 6.9021370599764e-03
1.074e-01 9.2209000225060e-03 7.2296587706314e-03
1.591e-01 8.3795389914744e-03 7.5806780868005e-03
2.248e-01 8.1371676226941e-03 7.9564871586187e-03
3.083e-01 8.1167178241911e-03 8.3699048762952e-03
4.135e-01 8.4557707329272e-03 8.8406735457008e-03
5.434e-01 8.7731978916702e-03 9.3877890616591e-03
6.994e-01 8.8685889001593e-03 1.0018662852793e-02
8.818e-01 8.9030111820201e-03 1.0725666925253e-02
1.000e+00 8.9279296540506e-03 1.1163708739844e-02
