0.000e+00 3.3572062970852e-02 3.0949959256691e-02
5.057e-03 3.9824531356773e-02 3.1060189145440e-02
1.382e-02 4.4322276574519e-02 3.1284722130771e-02
2.553e-02 4.6115478411818e-02 3.1603962108853e-02
3.937e-02 4.6887721054966e-02 3.1979852773092e-02
5.485e-02 4.7297310337815e-02 3.2384764670749e-02
7.203e-02 4.7798490399019e-02 3.2811274375565e-02
9.130e-02 4.8510998528881e-02 3.3262403383165e-02
1.132e-01 4.9243658954633e-02 3.3745824953491e-02
1.385e-01 4.9774988849400e-02 3.4269907323852e-02
1.677e-01 5.0298662831868e-02 3.4839435702275e-02
2.011e-01 5.1861985465523e-02 3.5452052460806e-02
2.387e-01 5.6178246497841e-02 3.6099898602887e-02
2.805e-01 6.4409569466410e-02 3.6776331160744e-02
3.266e-01 7.6166627534816e-02 3.7478839309305e-02
3.776e-01 8.9909094895824e-02 3.8208427739890e-02
4.341e-01 1.0389621618885e-01 3.8968784584482e-02
4.969e-01 1.1679132672278e-01 3.9765387782141e-02
5.673e-01 1.2790843957024e-01 4.0606404715280e-02
6.469e-01 1.3714577767086e-01 4.1502465834980e-02
7.379e-01 1.4473050044045e-01 4.2466591098260e-02
8.426e-01 1.5089525791066e-01 4.3507899600994e-02
9.629e-01 1.5573964211570e-01 4.4628012812707e-02
1.000e+00 1.5687643401495e-01 4.4959560464480e-02
