0.000000e+00 8.559382e+01 
1.785714e-04 7.216191e+01 
3.571429e-04 6.057737e+01 
5.357143e-04 5.062443e+01 
7.142857e-04 4.296655e+01 
8.928571e-04 3.561674e+01 
1.071429e-03 2.938388e+01 
1.250000e-03 2.412467e+01 
1.428571e-03 2.016665e+01 
1.607143e-03 1.641665e+01 
1.785714e-03 1.329839e+01 
1.964286e-03 1.071918e+01 
2.142857e-03 8.824824e+00 
2.321429e-03 7.052856e+00 
2.500000e-03 5.609142e+00 
2.678571e-03 4.439176e+00 
2.857143e-03 3.601296e+00 
3.035714e-03 2.827077e+00 
3.214286e-03 2.208968e+00 
3.392857e-03 1.718084e+00 
3.571429e-03 1.375519e+00 
3.750000e-03 1.062381e+00 
3.928571e-03 8.990970e-01 
4.107143e-03 8.537207e-01 
4.285714e-03 8.246098e-01 
4.464286e-03 8.057616e-01 
4.642857e-03 7.949964e-01 
4.821429e-03 7.898187e-01 
5.000000e-03 7.880512e-01 
5.178571e-03 7.897349e-01 
5.357143e-03 7.932158e-01 
5.535714e-03 7.979926e-01 
5.714286e-03 8.042912e-01 
5.892857e-03 8.115319e-01 
6.071429e-03 8.199086e-01 
6.250000e-03 8.295210e-01 
6.428571e-03 8.420343e-01 
6.607143e-03 8.545001e-01 
6.785714e-03 8.685167e-01 
6.964286e-03 8.841624e-01 
7.142857e-03 9.034565e-01 
7.321429e-03 9.222952e-01 
7.500000e-03 9.427816e-01 
7.678571e-03 9.648544e-01 
7.857143e-03 9.901581e-01 
8.035714e-03 1.014847e+00 
8.214286e-03 1.040750e+00 
8.392857e-03 1.067676e+00 
8.571429e-03 1.096128e+00 
8.750000e-03 1.124033e+00 
8.928571e-03 1.152288e+00 
9.107143e-03 1.180619e+00 
9.285714e-03 1.208543e+00 
9.464286e-03 1.235836e+00 
9.642857e-03 1.262343e+00 
9.821429e-03 1.287763e+00 
1.000000e-02 1.310406e+00 
1.017857e-02 1.332497e+00 
1.035714e-02 1.352651e+00 
1.053571e-02 1.370605e+00 
1.071429e-02 1.383689e+00 
1.089286e-02 1.396370e+00 
1.107143e-02 1.406216e+00 
1.125000e-02 1.413065e+00 
1.142857e-02 1.413680e+00 
1.160714e-02 1.414138e+00 
1.178571e-02 1.411341e+00 
1.196429e-02 1.405269e+00 
1.214286e-02 1.392613e+00 
1.232143e-02 1.380047e+00 
1.250000e-02 1.364281e+00 
1.267857e-02 1.345472e+00 
1.285714e-02 1.320638e+00 
1.303571e-02 1.296525e+00 
1.321429e-02 1.270014e+00 
1.339286e-02 1.241839e+00 
1.357143e-02 1.209450e+00 
1.375000e-02 1.177823e+00 
1.392857e-02 1.145215e+00 
1.410714e-02 1.112193e+00 
1.428571e-02 1.078217e+00 
1.446429e-02 1.045349e+00 
1.464286e-02 1.012875e+00 
1.482143e-02 9.810352e-01 
1.500000e-02 9.503186e-01 
1.517857e-02 9.204685e-01 
1.535714e-02 8.918354e-01 
1.553571e-02 8.645655e-01 
1.571429e-02 8.398790e-01 
1.589286e-02 8.156637e-01 
1.607143e-02 7.930743e-01 
1.625000e-02 7.721462e-01 
1.642857e-02 7.544484e-01 
1.660714e-02 7.367874e-01 
1.678571e-02 7.207469e-01 
1.696429e-02 7.062764e-01 
1.714286e-02 6.949076e-01 
1.732143e-02 6.832850e-01 
1.750000e-02 6.730106e-01 
1.767857e-02 6.639986e-01 
1.785714e-02 6.575230e-01 
1.803571e-02 6.507020e-01 
1.821429e-02 6.448893e-01 
1.839286e-02 6.400058e-01 
1.857143e-02 6.370446e-01 
1.875000e-02 6.337588e-01 
1.892857e-02 6.311958e-01 
1.910714e-02 6.293012e-01 
1.928571e-02 6.288756e-01 
1.946429e-02 6.281626e-01 
1.964286e-02 6.279863e-01 
1.982143e-02 6.283091e-01 
2.000000e-02 6.298122e-01 
2.017857e-02 6.310282e-01 
2.035714e-02 6.326526e-01 
2.053571e-02 6.346607e-01 
2.071429e-02 6.376746e-01 
2.089286e-02 6.403868e-01 
2.107143e-02 6.434246e-01 
2.125000e-02 6.467721e-01 
2.142857e-02 6.510178e-01 
2.160714e-02 6.549463e-01 
2.178571e-02 6.591476e-01 
2.196429e-02 6.636114e-01 
2.214286e-02 6.688926e-01 
2.232143e-02 6.738572e-01 
2.250000e-02 6.790724e-01 
2.267857e-02 6.845469e-01 
2.285714e-02 6.908284e-01 
2.303571e-02 6.968297e-01 
2.321429e-02 7.030720e-01 
2.339286e-02 7.095359e-01 
2.357143e-02 7.166344e-01 
2.375000e-02 7.234402e-01 
2.392857e-02 7.296852e-01 
2.410714e-02 7.350610e-01 
2.428571e-02 7.386804e-01 
2.446429e-02 7.422903e-01 
2.464286e-02 7.450631e-01 
2.482143e-02 7.470877e-01 
2.500000e-02 7.476036e-01 
2.517857e-02 7.483285e-01 
2.535714e-02 7.484467e-01 
2.553571e-02 7.480111e-01 
2.571429e-02 7.464906e-01 
2.589286e-02 7.451755e-01 
2.607143e-02 7.434717e-01 
2.625000e-02 7.415059e-01 
2.642857e-02 7.390807e-01 
2.660714e-02 7.368346e-01 
2.678571e-02 7.344990e-01 
2.696429e-02 7.321188e-01 
2.714286e-02 7.297045e-01 
2.732143e-02 7.273769e-01 
2.750000e-02 7.251153e-01 
2.767857e-02 7.229493e-01 
2.785714e-02 7.210267e-01 
2.803571e-02 7.191302e-01 
2.821429e-02 7.173972e-01 
2.839286e-02 7.158439e-01 
2.857143e-02 7.146991e-01 
2.875000e-02 7.135341e-01 
2.892857e-02 7.125828e-01 
2.910714e-02 7.118517e-01 
2.928571e-02 7.116061e-01 
2.946429e-02 7.113089e-01 
2.964286e-02 7.112411e-01 
2.982143e-02 7.114022e-01 
3.000000e-02 7.120712e-01 
3.017857e-02 7.126815e-01 
3.035714e-02 7.135253e-01 
3.053571e-02 7.145928e-01 
3.071429e-02 7.161387e-01 
3.089286e-02 7.175919e-01 
3.107143e-02 7.192415e-01 
3.125000e-02 7.210771e-01 
3.142857e-02 7.233097e-01 
3.160714e-02 7.254569e-01 
3.178571e-02 7.277618e-01 
3.196429e-02 7.302145e-01 
3.214286e-02 7.329822e-01 
3.232143e-02 7.356752e-01 
3.250000e-02 7.384890e-01 
3.267857e-02 7.414144e-01 
3.285714e-02 7.445769e-01 
3.303571e-02 7.476754e-01 
3.321429e-02 7.508600e-01 
3.339286e-02 7.541221e-01 
3.357143e-02 7.575468e-01 
3.375000e-02 7.609185e-01 
3.392857e-02 7.643438e-01 
3.410714e-02 7.678149e-01 
3.428571e-02 7.713783e-01 
3.446429e-02 7.749007e-01 
3.464286e-02 7.784471e-01 
3.482143e-02 7.820123e-01 
3.500000e-02 7.856305e-01 
3.517857e-02 7.892612e-01 
3.535714e-02 7.934033e-01 
3.553571e-02 7.979750e-01 
3.571429e-02 8.033744e-01 
3.589286e-02 8.085129e-01 
3.607143e-02 8.138646e-01 
3.625000e-02 8.193670e-01 
3.642857e-02 8.251085e-01 
3.660714e-02 8.304345e-01 
3.678571e-02 8.353542e-01 
3.696429e-02 8.398270e-01 
3.714286e-02 8.432533e-01 
3.732143e-02 8.467364e-01 
3.750000e-02 8.497385e-01 
3.767857e-02 8.522623e-01 
3.785714e-02 8.537289e-01 
3.803571e-02 8.553480e-01 
3.821429e-02 8.565447e-01 
3.839286e-02 8.573445e-01 
3.857143e-02 8.572916e-01 
3.875000e-02 8.574196e-01 
3.892857e-02 8.572458e-01 
3.910714e-02 8.568031e-01 
3.928571e-02 8.556241e-01 
3.946429e-02 8.543381e-01 
3.964286e-02 8.525836e-01 
3.982143e-02 8.504375e-01 
4.000000e-02 8.474996e-01 
4.017857e-02 8.448487e-01 
4.035714e-02 8.419981e-01 
4.053571e-02 8.390027e-01 
4.071429e-02 8.357229e-01 
4.089286e-02 8.326293e-01 
4.107143e-02 8.295197e-01 
4.125000e-02 8.264292e-01 
4.142857e-02 8.233875e-01 
4.160714e-02 8.204506e-01 
4.178571e-02 8.176079e-01 
4.196429e-02 8.148782e-01 
4.214286e-02 8.123861e-01 
4.232143e-02 8.099373e-01 
4.250000e-02 8.076349e-01 
4.267857e-02 8.054854e-01 
4.285714e-02 8.036507e-01 
4.303571e-02 8.018169e-01 
4.321429e-02 8.001391e-01 
4.339286e-02 7.986151e-01 
4.357143e-02 7.974028e-01 
4.375000e-02 7.961655e-01 
4.392857e-02 7.950650e-01 
4.410714e-02 7.940937e-01 
4.428571e-02 7.933772e-01 
4.446429e-02 7.926239e-01 
4.464286e-02 7.919707e-01 
4.482143e-02 7.914069e-01 
4.500000e-02 7.910104e-01 
4.517857e-02 7.905758e-01 
4.535714e-02 7.901963e-01 
4.553571e-02 7.898602e-01 
4.571429e-02 7.895916e-01 
4.589286e-02 7.892912e-01 
4.607143e-02 7.889998e-01 
4.625000e-02 7.887062e-01 
4.642857e-02 7.883822e-01 
4.660714e-02 7.880370e-01 
4.678571e-02 7.876590e-01 
4.696429e-02 7.872388e-01 
4.714286e-02 7.867028e-01 
4.732143e-02 7.861598e-01 
4.750000e-02 7.855505e-01 
4.767857e-02 7.848681e-01 
4.785714e-02 7.840049e-01 
4.803571e-02 7.831484e-01 
4.821429e-02 7.822025e-01 
4.839286e-02 7.811627e-01 
4.857143e-02 7.798992e-01 
4.875000e-02 7.786552e-01 
4.892857e-02 7.773090e-01 
4.910714e-02 7.758587e-01 
4.928571e-02 7.741642e-01 
4.946429e-02 7.725000e-01 
4.964286e-02 7.707307e-01 
4.982143e-02 7.688569e-01 
5.000000e-02 7.667391e-01 
5.017857e-02 7.646598e-01 
5.035714e-02 7.624812e-01 
5.053571e-02 7.602059e-01 
5.071429e-02 7.577048e-01 
5.089286e-02 7.552472e-01 
5.107143e-02 7.527032e-01 
5.125000e-02 7.500766e-01 
5.142857e-02 7.472562e-01 
5.160714e-02 7.444812e-01 
5.178571e-02 7.416374e-01 
5.196429e-02 7.387296e-01 
5.214286e-02 7.356694e-01 
5.232143e-02 7.326537e-01 
5.250000e-02 7.295895e-01 
5.267857e-02 7.264818e-01 
5.285714e-02 7.232678e-01 
5.303571e-02 7.200947e-01 
5.321429e-02 7.168939e-01 
5.339286e-02 7.136710e-01 
5.357143e-02 7.103893e-01 
5.375000e-02 7.071392e-01 
5.392857e-02 7.038791e-01 
5.410714e-02 7.006151e-01 
5.428571e-02 6.973357e-01 
5.446429e-02 6.940906e-01 
5.464286e-02 6.908610e-01 
5.482143e-02 6.876526e-01 
5.500000e-02 6.844839e-01 
5.517857e-02 6.813392e-01 
5.535714e-02 6.782294e-01 
5.553571e-02 6.751581e-01 
5.571429e-02 6.721639e-01 
5.589286e-02 6.691823e-01 
5.607143e-02 6.662467e-01 
5.625000e-02 6.649104e-01 
5.642857e-02 6.647437e-01 
5.660714e-02 6.646104e-01 
5.678571e-02 6.648405e-01 
5.696429e-02 6.646941e-01 
5.714286e-02 6.639558e-01 
5.732143e-02 6.631467e-01 
5.750000e-02 6.621964e-01 
5.767857e-02 6.611373e-01 
5.785714e-02 6.598746e-01 
5.803571e-02 6.587081e-01 
5.821429e-02 6.574972e-01 
5.839286e-02 6.562575e-01 
5.857143e-02 6.549687e-01 
5.875000e-02 6.538948e-01 
5.892857e-02 6.527274e-01 
5.910714e-02 6.514808e-01 
5.928571e-02 6.500762e-01 
5.946429e-02 6.487268e-01 
5.964286e-02 6.473345e-01 
5.982143e-02 6.459086e-01 
6.000000e-02 6.444176e-01 
6.017857e-02 6.429566e-01 
6.035714e-02 6.414801e-01 
6.053571e-02 6.399918e-01 
6.071429e-02 6.384779e-01 
6.089286e-02 6.369741e-01 
6.107143e-02 6.354608e-01 
6.125000e-02 6.341610e-01 
6.142857e-02 6.327544e-01 
6.160714e-02 6.311453e-01 
6.178571e-02 6.294640e-01 
6.196429e-02 6.277216e-01 
6.214286e-02 6.258527e-01 
6.232143e-02 6.240271e-01 
6.250000e-02 6.221664e-01 
6.267857e-02 6.202770e-01 
6.285714e-02 6.183308e-01 
6.303571e-02 6.164093e-01 
6.321429e-02 6.144739e-01 
6.339286e-02 6.125288e-01 
6.357143e-02 6.105603e-01 
6.375000e-02 6.086035e-01 
6.392857e-02 6.066408e-01 
6.410714e-02 6.046730e-01 
6.428571e-02 6.026900e-01 
6.446429e-02 6.007126e-01 
6.464286e-02 5.987299e-01 
6.482143e-02 5.967413e-01 
6.500000e-02 5.947353e-01 
6.517857e-02 5.929844e-01 
6.535714e-02 5.910950e-01 
6.553571e-02 5.890890e-01 
6.571429e-02 5.868534e-01 
6.589286e-02 5.847049e-01 
6.607143e-02 5.825020e-01 
6.625000e-02 5.802627e-01 
6.642857e-02 5.779613e-01 
6.660714e-02 5.757171e-01 
6.678571e-02 5.734800e-01 
6.696429e-02 5.712615e-01 
6.714286e-02 5.714175e-01 
6.732143e-02 5.716499e-01 
6.750000e-02 5.719150e-01 
6.767857e-02 5.721953e-01 
6.785714e-02 5.724855e-01 
6.803571e-02 5.727352e-01 
6.821429e-02 5.729630e-01 
6.839286e-02 5.731595e-01 
6.857143e-02 5.732747e-01 
6.875000e-02 5.733792e-01 
6.892857e-02 5.734366e-01 
6.910714e-02 5.734438e-01 
6.928571e-02 5.733371e-01 
6.946429e-02 5.732382e-01 
6.964286e-02 5.730884e-01 
6.982143e-02 5.728886e-01 
7.000000e-02 5.725805e-01 
7.017857e-02 5.722889e-01 
7.035714e-02 5.719547e-01 
7.053571e-02 5.715809e-01 
7.071429e-02 5.711236e-01 
7.089286e-02 5.706843e-01 
7.107143e-02 5.702154e-01 
7.125000e-02 5.697203e-01 
7.142857e-02 5.670345e-01 
7.160714e-02 5.661705e-01 
7.178571e-02 5.655545e-01 
7.196429e-02 5.651417e-01 
7.214286e-02 5.651161e-01 
7.232143e-02 5.649368e-01 
7.250000e-02 5.648469e-01 
7.267857e-02 5.648140e-01 
7.285714e-02 5.648651e-01 
7.303571e-02 5.648282e-01 
7.321429e-02 5.647745e-01 
7.339286e-02 5.646846e-01 
7.357143e-02 5.644919e-01 
7.375000e-02 5.642651e-01 
7.392857e-02 5.639655e-01 
7.410714e-02 5.635847e-01 
7.428571e-02 5.630177e-01 
7.446429e-02 5.624547e-01 
7.464286e-02 5.618031e-01 
7.482143e-02 5.610635e-01 
7.500000e-02 5.601326e-01 
7.517857e-02 5.585282e-01 
7.535714e-02 5.570688e-01 
7.553571e-02 5.557348e-01 
7.571429e-02 5.546477e-01 
7.589286e-02 5.534859e-01 
7.607143e-02 5.523958e-01 
7.625000e-02 5.513618e-01 
7.642857e-02 5.504301e-01 
7.660714e-02 5.494507e-01 
7.678571e-02 5.484910e-01 
7.696429e-02 5.475417e-01 
7.714286e-02 5.466033e-01 
7.732143e-02 5.456439e-01 
7.750000e-02 5.446776e-01 
7.767857e-02 5.437011e-01 
7.785714e-02 5.426986e-01 
7.803571e-02 5.416948e-01 
7.821429e-02 5.406798e-01 
7.839286e-02 5.389930e-01 
7.857143e-02 5.373406e-01 
7.875000e-02 5.362241e-01 
7.892857e-02 5.352184e-01 
7.910714e-02 5.343097e-01 
7.928571e-02 5.335952e-01 
7.946429e-02 5.328270e-01 
7.964286e-02 5.321206e-01 
7.982143e-02 5.314664e-01 
8.000000e-02 5.309145e-01 
8.017857e-02 5.303304e-01 
8.035714e-02 5.297780e-01 
8.053571e-02 5.292523e-01 
8.071429e-02 5.287799e-01 
8.089286e-02 5.282935e-01 
8.107143e-02 5.278270e-01 
8.125000e-02 5.273797e-01 
8.142857e-02 5.269742e-01 
8.160714e-02 5.265662e-01 
8.178571e-02 5.261803e-01 
8.196429e-02 5.258184e-01 
8.214286e-02 5.255118e-01 
8.232143e-02 5.252077e-01 
8.250000e-02 5.249356e-01 
8.267857e-02 5.246985e-01 
8.285714e-02 5.245422e-01 
8.303571e-02 5.243878e-01 
8.321429e-02 5.242775e-01 
8.339286e-02 5.242140e-01 
8.357143e-02 5.242569e-01 
8.375000e-02 5.242981e-01 
8.392857e-02 5.243933e-01 
8.410714e-02 5.245442e-01 
8.428571e-02 5.248194e-01 
8.446429e-02 5.250879e-01 
8.464286e-02 5.254155e-01 
8.482143e-02 5.258027e-01 
8.500000e-02 5.262977e-01 
8.517857e-02 5.267772e-01 
8.535714e-02 5.273100e-01 
8.553571e-02 5.278977e-01 
8.571429e-02 5.286057e-01 
8.589286e-02 5.293047e-01 
8.607143e-02 5.300574e-01 
8.625000e-02 5.298566e-01 
8.642857e-02 5.299692e-01 
8.660714e-02 5.308707e-01 
8.678571e-02 5.319762e-01 
8.696429e-02 5.332453e-01 
8.714286e-02 5.348815e-01 
8.732143e-02 5.363201e-01 
8.750000e-02 5.378175e-01 
8.767857e-02 5.394083e-01 
8.785714e-02 5.410695e-01 
8.803571e-02 5.426440e-01 
8.821429e-02 5.442015e-01 
8.839286e-02 5.457275e-01 
8.857143e-02 5.471648e-01 
8.875000e-02 5.485818e-01 
8.892857e-02 5.499413e-01 
8.910714e-02 5.512381e-01 
8.928571e-02 5.523896e-01 
8.946429e-02 5.535480e-01 
8.964286e-02 5.546395e-01 
8.982143e-02 5.556647e-01 
9.000000e-02 5.565451e-01 
9.017857e-02 5.574467e-01 
9.035714e-02 5.582913e-01 
9.053571e-02 5.590831e-01 
9.071429e-02 5.597648e-01 
9.089286e-02 5.598603e-01 
9.107143e-02 5.601327e-01 
9.125000e-02 5.605574e-01 
9.142857e-02 5.612847e-01 
9.160714e-02 5.619184e-01 
9.178571e-02 5.626416e-01 
9.196429e-02 5.634364e-01 
9.214286e-02 5.643661e-01 
9.232143e-02 5.652391e-01 
9.250000e-02 5.661433e-01 
9.267857e-02 5.670678e-01 
9.285714e-02 5.680240e-01 
9.303571e-02 5.689538e-01 
9.321429e-02 5.698838e-01 
9.339286e-02 5.708094e-01 
9.357143e-02 5.717200e-01 
9.375000e-02 5.726252e-01 
9.392857e-02 5.735213e-01 
9.410714e-02 5.744084e-01 
9.428571e-02 5.752757e-01 
9.446429e-02 5.761491e-01 
9.464286e-02 5.770188e-01 
9.482143e-02 5.778874e-01 
9.500000e-02 5.787568e-01 
9.517857e-02 5.796361e-01 
9.535714e-02 5.805245e-01 
9.553571e-02 5.807493e-01 
9.571429e-02 5.811143e-01 
9.589286e-02 5.820323e-01 
9.607143e-02 5.830875e-01 
9.625000e-02 5.842597e-01 
9.642857e-02 5.856618e-01 
9.660714e-02 5.869906e-01 
9.678571e-02 5.883861e-01 
9.696429e-02 5.898343e-01 
9.714286e-02 5.913786e-01 
9.732143e-02 5.928816e-01 
9.750000e-02 5.944065e-01 
9.767857e-02 5.959453e-01 
9.785714e-02 5.975032e-01 
9.803571e-02 5.990446e-01 
9.821429e-02 6.005861e-01 
9.839286e-02 6.021248e-01 
9.857143e-02 6.036521e-01 
9.875000e-02 6.051787e-01 
9.892857e-02 6.067006e-01 
9.910714e-02 6.082182e-01 
9.928571e-02 6.097249e-01 
9.946429e-02 6.112387e-01 
9.964286e-02 6.127529e-01 
9.982143e-02 6.142696e-01 
1.000000e-01 6.157918e-01 
1.001786e-01 6.173228e-01 
1.003571e-01 6.188631e-01 
1.005357e-01 6.204151e-01 
1.007143e-01 6.219929e-01 
1.008929e-01 6.235772e-01 
1.010714e-01 6.251793e-01 
1.012500e-01 6.268008e-01 
1.014286e-01 6.284635e-01 
1.016071e-01 6.301294e-01 
1.017857e-01 6.318179e-01 
1.019643e-01 6.335298e-01 
1.021429e-01 6.352899e-01 
1.023214e-01 6.370496e-01 
1.025000e-01 6.388327e-01 
1.026786e-01 6.406220e-01 
1.028571e-01 6.424289e-01 
1.030357e-01 6.442371e-01 
1.032143e-01 6.460574e-01 
1.033929e-01 6.478908e-01 
1.035714e-01 6.497491e-01 
1.037500e-01 6.516091e-01 
1.039286e-01 6.534812e-01 
1.041071e-01 6.553646e-01 
1.042857e-01 6.572673e-01 
1.044643e-01 6.591686e-01 
1.046429e-01 6.610773e-01 
1.048214e-01 6.629916e-01 
1.050000e-01 6.649118e-01 
1.051786e-01 6.668305e-01 
1.053571e-01 6.687496e-01 
1.055357e-01 6.706674e-01 
1.057143e-01 6.725754e-01 
1.058929e-01 6.744834e-01 
1.060714e-01 6.763850e-01 
1.062500e-01 6.782787e-01 
1.064286e-01 6.801485e-01 
1.066071e-01 6.820205e-01 
1.067857e-01 6.838808e-01 
1.069643e-01 6.857282e-01 
1.071429e-01 6.875418e-01 
1.073214e-01 6.893599e-01 
1.075000e-01 6.911630e-01 
1.076786e-01 6.929507e-01 
1.078571e-01 6.946996e-01 
1.080357e-01 6.964552e-01 
1.082143e-01 6.981951e-01 
1.083929e-01 6.999192e-01 
1.085714e-01 7.016051e-01 
1.087500e-01 7.032993e-01 
1.089286e-01 7.049792e-01 
1.091071e-01 7.066461e-01 
1.092857e-01 7.082817e-01 
1.094643e-01 7.099272e-01 
1.096429e-01 7.115631e-01 
1.098214e-01 7.131907e-01 
1.100000e-01 7.147978e-01 
1.101786e-01 7.164139e-01 
1.103571e-01 7.180253e-01 
1.105357e-01 7.196330e-01 
1.107143e-01 7.212304e-01 
1.108929e-01 7.228354e-01 
1.110714e-01 7.244400e-01 
1.112500e-01 7.260453e-01 
1.114286e-01 7.276497e-01 
1.116071e-01 7.292607e-01 
1.117857e-01 7.308756e-01 
1.119643e-01 7.324953e-01 
1.121429e-01 7.341231e-01 
1.123214e-01 7.357565e-01 
1.125000e-01 7.373977e-01 
1.126786e-01 7.390474e-01 
1.128571e-01 7.407132e-01 
1.130357e-01 7.423834e-01 
1.132143e-01 7.440646e-01 
1.133929e-01 7.457570e-01 
1.135714e-01 7.474620e-01 
1.137500e-01 7.491694e-01 
1.139286e-01 7.508852e-01 
1.141071e-01 7.526105e-01 
1.142857e-01 7.535834e-01 
1.144643e-01 7.552404e-01 
1.146429e-01 7.570079e-01 
1.148214e-01 7.588658e-01 
1.150000e-01 7.608933e-01 
1.151786e-01 7.628570e-01 
1.153571e-01 7.648633e-01 
1.155357e-01 7.668990e-01 
1.157143e-01 7.689789e-01 
1.158929e-01 7.710270e-01 
1.160714e-01 7.730767e-01 
1.162500e-01 7.751207e-01 
1.164286e-01 7.771400e-01 
1.166071e-01 7.791506e-01 
1.167857e-01 7.811436e-01 
1.169643e-01 7.831167e-01 
1.171429e-01 7.850394e-01 
1.173214e-01 7.869677e-01 
1.175000e-01 7.888751e-01 
1.176786e-01 7.907621e-01 
1.178571e-01 7.918756e-01 
1.180357e-01 7.936237e-01 
1.182143e-01 7.954468e-01 
1.183929e-01 7.973300e-01 
1.185714e-01 7.993231e-01 
1.187500e-01 8.012725e-01 
1.189286e-01 8.032484e-01 
1.191071e-01 8.052418e-01 
1.192857e-01 8.072586e-01 
1.194643e-01 8.092562e-01 
1.196429e-01 8.112533e-01 
1.198214e-01 8.132455e-01 
1.200000e-01 8.152179e-01 
1.201786e-01 8.171873e-01 
1.203571e-01 8.191453e-01 
1.205357e-01 8.210907e-01 
1.207143e-01 8.223848e-01 
1.208929e-01 8.242086e-01 
1.210714e-01 8.260959e-01 
1.212500e-01 8.280338e-01 
1.214286e-01 8.300633e-01 
1.216071e-01 8.320562e-01 
1.217857e-01 8.340711e-01 
1.219643e-01 8.361001e-01 
1.221429e-01 8.381468e-01 
1.223214e-01 8.401777e-01 
1.225000e-01 8.422071e-01 
1.226786e-01 8.439644e-01 
1.228571e-01 8.457332e-01 
1.230357e-01 8.477112e-01 
1.232143e-01 8.497208e-01 
1.233929e-01 8.517533e-01 
1.235714e-01 8.538210e-01 
1.237500e-01 8.558675e-01 
1.239286e-01 8.579175e-01 
1.241071e-01 8.597909e-01 
1.242857e-01 8.616622e-01 
1.244643e-01 8.636651e-01 
1.246429e-01 8.656855e-01 
1.248214e-01 8.677171e-01 
1.250000e-01 8.697609e-01 
1.251786e-01 8.717034e-01 
1.253571e-01 8.736642e-01 
1.255357e-01 8.756391e-01 
1.257143e-01 8.776348e-01 
1.258929e-01 8.795682e-01 
1.260714e-01 8.815144e-01 
1.262500e-01 8.834708e-01 
1.264286e-01 8.854411e-01 
1.266071e-01 8.873641e-01 
1.267857e-01 8.892947e-01 
1.269643e-01 8.912314e-01 
1.271429e-01 8.931208e-01 
1.273214e-01 8.950401e-01 
1.275000e-01 8.969523e-01 
1.276786e-01 8.988660e-01 
1.278571e-01 9.007789e-01 
1.280357e-01 9.026887e-01 
1.282143e-01 9.045864e-01 
1.283929e-01 9.064819e-01 
1.285714e-01 9.083626e-01 
1.287500e-01 9.102491e-01 
1.289286e-01 9.121312e-01 
1.291071e-01 9.140086e-01 
1.292857e-01 9.158718e-01 
1.294643e-01 9.177392e-01 
1.296429e-01 9.196018e-01 
1.298214e-01 9.214594e-01 
1.300000e-01 9.233030e-01 
1.301786e-01 9.251514e-01 
1.303571e-01 9.269952e-01 
1.305357e-01 9.288348e-01 
1.307143e-01 9.306614e-01 
1.308929e-01 9.324929e-01 
1.310714e-01 9.343205e-01 
1.312500e-01 9.361443e-01 
1.314286e-01 9.379566e-01 
1.316071e-01 9.397735e-01 
1.317857e-01 9.415868e-01 
1.319643e-01 9.433969e-01 
1.321429e-01 9.451962e-01 
1.323214e-01 9.469997e-01 
1.325000e-01 9.487999e-01 
1.326786e-01 9.505975e-01 
1.328571e-01 9.523860e-01 
1.330357e-01 9.541785e-01 
1.332143e-01 9.559683e-01 
1.333929e-01 9.577554e-01 
1.335714e-01 9.595329e-01 
1.337500e-01 9.613137e-01 
1.339286e-01 9.630912e-01 
1.341071e-01 9.648652e-01 
1.342857e-01 9.666279e-01 
1.344643e-01 9.683936e-01 
1.346429e-01 9.701549e-01 
1.348214e-01 9.719116e-01 
1.350000e-01 9.736544e-01 
1.351786e-01 9.754002e-01 
1.353571e-01 9.771403e-01 
1.355357e-01 9.788743e-01 
1.357143e-01 9.805916e-01 
1.358929e-01 9.823120e-01 
1.360714e-01 9.840252e-01 
1.362500e-01 9.857309e-01 
1.364286e-01 9.874168e-01 
1.366071e-01 9.891061e-01 
1.367857e-01 9.907868e-01 
1.369643e-01 9.924586e-01 
1.371429e-01 9.941077e-01 
1.373214e-01 9.957602e-01 
1.375000e-01 9.974026e-01 
1.376786e-01 9.990347e-01 
1.378571e-01 1.000641e+00 
1.380357e-01 1.002251e+00 
1.382143e-01 1.003849e+00 
1.383929e-01 1.005436e+00 
1.385714e-01 1.006995e+00 
1.387500e-01 1.008558e+00 
1.389286e-01 1.010108e+00 
1.391071e-01 1.011647e+00 
1.392857e-01 1.013155e+00 
1.394643e-01 1.014668e+00 
1.396429e-01 1.016168e+00 
1.398214e-01 1.017656e+00 
1.400000e-01 1.019112e+00 
1.401786e-01 1.020574e+00 
1.403571e-01 1.022022e+00 
1.405357e-01 1.023457e+00 
1.407143e-01 1.024862e+00 
1.408929e-01 1.026271e+00 
1.410714e-01 1.027667e+00 
1.412500e-01 1.029050e+00 
1.414286e-01 1.030403e+00 
1.416071e-01 1.031760e+00 
1.417857e-01 1.033104e+00 
1.419643e-01 1.034436e+00 
1.421429e-01 1.035737e+00 
1.423214e-01 1.037044e+00 
1.425000e-01 1.038337e+00 
1.426786e-01 1.039619e+00 
1.428571e-01 1.040871e+00 
1.430357e-01 1.042128e+00 
1.432143e-01 1.043373e+00 
1.433929e-01 1.044607e+00 
1.435714e-01 1.045813e+00 
1.437500e-01 1.047023e+00 
1.439286e-01 1.048221e+00 
1.441071e-01 1.049409e+00 
1.442857e-01 1.050570e+00 
1.444643e-01 1.051736e+00 
1.446429e-01 1.052891e+00 
1.448214e-01 1.054031e+00 
1.450000e-01 1.055139e+00 
1.451786e-01 1.056249e+00 
1.453571e-01 1.057346e+00 
1.455357e-01 1.058427e+00 
1.457143e-01 1.059477e+00 
1.458929e-01 1.060530e+00 
1.460714e-01 1.061571e+00 
1.462500e-01 1.062597e+00 
1.464286e-01 1.063594e+00 
1.466071e-01 1.064596e+00 
1.467857e-01 1.065585e+00 
1.469643e-01 1.066562e+00 
1.471429e-01 1.067512e+00 
1.473214e-01 1.068467e+00 
1.475000e-01 1.069410e+00 
1.476786e-01 1.070342e+00 
1.478571e-01 1.071251e+00 
1.480357e-01 1.072163e+00 
1.482143e-01 1.073066e+00 
1.483929e-01 1.073958e+00 
1.485714e-01 1.074830e+00 
1.487500e-01 1.075704e+00 
1.489286e-01 1.076570e+00 
1.491071e-01 1.077427e+00 
1.492857e-01 1.078264e+00 
1.494643e-01 1.079105e+00 
1.496429e-01 1.079937e+00 
1.498214e-01 1.080760e+00 
1.500000e-01 1.081566e+00 
1.501786e-01 1.082374e+00 
1.503571e-01 1.083174e+00 
1.505357e-01 1.083967e+00 
1.507143e-01 1.084741e+00 
1.508929e-01 1.085518e+00 
1.510714e-01 1.086287e+00 
1.512500e-01 1.087049e+00 
1.514286e-01 1.087793e+00 
1.516071e-01 1.088538e+00 
1.517857e-01 1.089276e+00 
1.519643e-01 1.090007e+00 
1.521429e-01 1.090719e+00 
1.523214e-01 1.091433e+00 
1.525000e-01 1.092139e+00 
1.526786e-01 1.092837e+00 
1.528571e-01 1.093517e+00 
1.530357e-01 1.094199e+00 
1.532143e-01 1.094872e+00 
1.533929e-01 1.095536e+00 
1.535714e-01 1.096182e+00 
1.537500e-01 1.096829e+00 
1.539286e-01 1.097468e+00 
1.541071e-01 1.098097e+00 
1.542857e-01 1.098707e+00 
1.544643e-01 1.099319e+00 
1.546429e-01 1.099921e+00 
1.548214e-01 1.100514e+00 
1.550000e-01 1.101087e+00 
1.551786e-01 1.101661e+00 
1.553571e-01 1.102226e+00 
1.555357e-01 1.102782e+00 
1.557143e-01 1.103317e+00 
1.558929e-01 1.103853e+00 
1.560714e-01 1.104380e+00 
1.562500e-01 1.104898e+00 
1.564286e-01 1.105393e+00 
1.566071e-01 1.105891e+00 
1.567857e-01 1.106380e+00 
1.569643e-01 1.106858e+00 
1.571429e-01 1.107315e+00 
1.573214e-01 1.107774e+00 
1.575000e-01 1.108224e+00 
1.576786e-01 1.108664e+00 
1.578571e-01 1.109082e+00 
1.580357e-01 1.109502e+00 
1.582143e-01 1.109913e+00 
1.583929e-01 1.110314e+00 
1.585714e-01 1.110694e+00 
1.587500e-01 1.111076e+00 
1.589286e-01 1.111449e+00 
1.591071e-01 1.111812e+00 
1.592857e-01 1.112154e+00 
1.594643e-01 1.112499e+00 
1.596429e-01 1.112835e+00 
1.598214e-01 1.113161e+00 
1.600000e-01 1.113467e+00 
1.601786e-01 1.113776e+00 
1.603571e-01 1.114075e+00 
1.605357e-01 1.114366e+00 
1.607143e-01 1.114637e+00 
1.608929e-01 1.114910e+00 
1.610714e-01 1.115175e+00 
1.612500e-01 1.115431e+00 
1.614286e-01 1.115669e+00 
1.616071e-01 1.115908e+00 
1.617857e-01 1.116140e+00 
1.619643e-01 1.116363e+00 
1.621429e-01 1.116568e+00 
1.623214e-01 1.116775e+00 
1.625000e-01 1.116974e+00 
1.626786e-01 1.117166e+00 
1.628571e-01 1.117340e+00 
1.630357e-01 1.117516e+00 
1.632143e-01 1.117685e+00 
1.633929e-01 1.117846e+00 
1.635714e-01 1.117991e+00 
1.637500e-01 1.118137e+00 
1.639286e-01 1.118277e+00 
1.641071e-01 1.118409e+00 
1.642857e-01 1.118525e+00 
1.644643e-01 1.118643e+00 
1.646429e-01 1.118754e+00 
1.648214e-01 1.118858e+00 
1.650000e-01 1.118946e+00 
1.651786e-01 1.119037e+00 
1.653571e-01 1.119121e+00 
1.655357e-01 1.119198e+00 
1.657143e-01 1.119259e+00 
1.658929e-01 1.119323e+00 
1.660714e-01 1.119380e+00 
1.662500e-01 1.119431e+00 
1.664286e-01 1.119467e+00 
1.666071e-01 1.119504e+00 
1.667857e-01 1.119536e+00 
1.669643e-01 1.119560e+00 
1.671429e-01 1.119571e+00 
1.673214e-01 1.119582e+00 
1.675000e-01 1.119588e+00 
1.676786e-01 1.119587e+00 
1.678571e-01 1.119572e+00 
1.680357e-01 1.119559e+00 
1.682143e-01 1.119539e+00 
1.683929e-01 1.119512e+00 
1.685714e-01 1.119472e+00 
1.687500e-01 1.119433e+00 
1.689286e-01 1.119388e+00 
1.691071e-01 1.119336e+00 
1.692857e-01 1.119270e+00 
1.694643e-01 1.119206e+00 
1.696429e-01 1.119135e+00 
1.698214e-01 1.119058e+00 
1.700000e-01 1.118966e+00 
1.701786e-01 1.118877e+00 
1.703571e-01 1.118780e+00 
1.705357e-01 1.118678e+00 
1.707143e-01 1.118560e+00 
1.708929e-01 1.118445e+00 
1.710714e-01 1.118322e+00 
1.712500e-01 1.118194e+00 
1.714286e-01 1.118050e+00 
1.716071e-01 1.117909e+00 
1.717857e-01 1.117761e+00 
1.719643e-01 1.117606e+00 
1.721429e-01 1.117437e+00 
1.723214e-01 1.117269e+00 
1.725000e-01 1.117095e+00 
1.726786e-01 1.116914e+00 
1.728571e-01 1.116718e+00 
1.730357e-01 1.116525e+00 
1.732143e-01 1.116324e+00 
1.733929e-01 1.116117e+00 
1.735714e-01 1.115896e+00 
1.737500e-01 1.115676e+00 
1.739286e-01 1.115449e+00 
1.741071e-01 1.115216e+00 
1.742857e-01 1.114969e+00 
1.744643e-01 1.114723e+00 
1.746429e-01 1.114471e+00 
1.748214e-01 1.114212e+00 
1.750000e-01 1.113939e+00 
1.751786e-01 1.113668e+00 
1.753571e-01 1.113391e+00 
1.755357e-01 1.113107e+00 
1.757143e-01 1.112809e+00 
1.758929e-01 1.112513e+00 
1.760714e-01 1.112211e+00 
1.762500e-01 1.111902e+00 
1.764286e-01 1.111580e+00 
1.766071e-01 1.111260e+00 
1.767857e-01 1.110934e+00 
1.769643e-01 1.110602e+00 
1.771429e-01 1.110257e+00 
1.773214e-01 1.109913e+00 
1.775000e-01 1.109564e+00 
1.776786e-01 1.109209e+00 
1.778571e-01 1.108842e+00 
1.780357e-01 1.108476e+00 
1.782143e-01 1.108105e+00 
1.783929e-01 1.107729e+00 
1.785714e-01 1.107340e+00 
1.787500e-01 1.106953e+00 
1.789286e-01 1.106561e+00 
1.791071e-01 1.106164e+00 
1.792857e-01 1.105756e+00 
1.794643e-01 1.105349e+00 
1.796429e-01 1.104938e+00 
1.798214e-01 1.104522e+00 
1.800000e-01 1.104095e+00 
1.801786e-01 1.103669e+00 
1.803571e-01 1.103240e+00 
1.805357e-01 1.102805e+00 
1.807143e-01 1.102361e+00 
1.808929e-01 1.101918e+00 
1.810714e-01 1.101471e+00 
1.812500e-01 1.101021e+00 
1.814286e-01 1.100560e+00 
1.816071e-01 1.100101e+00 
1.817857e-01 1.099638e+00 
1.819643e-01 1.099172e+00 
1.821429e-01 1.098696e+00 
1.823214e-01 1.098222e+00 
1.825000e-01 1.097745e+00 
1.826786e-01 1.097264e+00 
1.828571e-01 1.096768e+00 
1.830357e-01 1.096273e+00 
1.832143e-01 1.095774e+00 
1.833929e-01 1.095274e+00 
1.835714e-01 1.094767e+00 
1.837500e-01 1.094264e+00 
1.839286e-01 1.093759e+00 
1.841071e-01 1.093253e+00 
1.842857e-01 1.092743e+00 
1.844643e-01 1.092235e+00 
1.846429e-01 1.091724e+00 
1.848214e-01 1.091209e+00 
1.850000e-01 1.090689e+00 
1.851786e-01 1.090171e+00 
1.853571e-01 1.089650e+00 
1.855357e-01 1.089128e+00 
1.857143e-01 1.088600e+00 
1.858929e-01 1.088074e+00 
1.860714e-01 1.087545e+00 
1.862500e-01 1.087013e+00 
1.864286e-01 1.086471e+00 
1.866071e-01 1.085932e+00 
1.867857e-01 1.085389e+00 
1.869643e-01 1.084844e+00 
1.871429e-01 1.084292e+00 
1.873214e-01 1.083742e+00 
1.875000e-01 1.083188e+00 
1.876786e-01 1.082631e+00 
1.878571e-01 1.082065e+00 
1.880357e-01 1.081502e+00 
1.882143e-01 1.080935e+00 
1.883929e-01 1.080365e+00 
1.885714e-01 1.079789e+00 
1.887500e-01 1.079212e+00 
1.889286e-01 1.078632e+00 
1.891071e-01 1.078049e+00 
1.892857e-01 1.077459e+00 
1.894643e-01 1.076871e+00 
1.896429e-01 1.076281e+00 
1.898214e-01 1.075687e+00 
1.900000e-01 1.075087e+00 
1.901786e-01 1.074488e+00 
1.903571e-01 1.073888e+00 
1.905357e-01 1.073286e+00 
1.907143e-01 1.072678e+00 
1.908929e-01 1.072072e+00 
1.910714e-01 1.071464e+00 
1.912500e-01 1.070855e+00 
1.914286e-01 1.070243e+00 
1.916071e-01 1.069631e+00 
1.917857e-01 1.069019e+00 
1.919643e-01 1.068405e+00 
1.921429e-01 1.067790e+00 
1.923214e-01 1.067175e+00 
1.925000e-01 1.066559e+00 
1.926786e-01 1.065944e+00 
1.928571e-01 1.065326e+00 
1.930357e-01 1.064710e+00 
1.932143e-01 1.064093e+00 
1.933929e-01 1.063477e+00 
1.935714e-01 1.062860e+00 
1.937500e-01 1.062244e+00 
1.939286e-01 1.061629e+00 
1.941071e-01 1.061014e+00 
1.942857e-01 1.060399e+00 
1.944643e-01 1.059784e+00 
1.946429e-01 1.059171e+00 
1.948214e-01 1.058558e+00 
1.950000e-01 1.057946e+00 
1.951786e-01 1.057334e+00 
1.953571e-01 1.056724e+00 
1.955357e-01 1.056114e+00 
1.957143e-01 1.055505e+00 
1.958929e-01 1.054897e+00 
1.960714e-01 1.054290e+00 
1.962500e-01 1.053684e+00 
1.964286e-01 1.053078e+00 
1.966071e-01 1.052474e+00 
1.967857e-01 1.051870e+00 
1.969643e-01 1.051267e+00 
1.971429e-01 1.050665e+00 
1.973214e-01 1.050064e+00 
1.975000e-01 1.049464e+00 
1.976786e-01 1.048864e+00 
1.978571e-01 1.048266e+00 
1.980357e-01 1.047668e+00 
1.982143e-01 1.047071e+00 
1.983929e-01 1.046474e+00 
1.985714e-01 1.045878e+00 
1.987500e-01 1.045283e+00 
1.989286e-01 1.044689e+00 
1.991071e-01 1.044095e+00 
1.992857e-01 1.043502e+00 
1.994643e-01 1.042910e+00 
1.996429e-01 1.042318e+00 
1.998214e-01 1.041726e+00 
2.000000e-01 1.041136e+00 
2.001786e-01 1.040545e+00 
2.003571e-01 1.039956e+00 
2.005357e-01 1.039367e+00 
2.007143e-01 1.038778e+00 
2.008929e-01 1.038190e+00 
2.010714e-01 1.037602e+00 
2.012500e-01 1.037014e+00 
2.014286e-01 1.036428e+00 
2.016071e-01 1.035841e+00 
2.017857e-01 1.035255e+00 
2.019643e-01 1.034669e+00 
2.021429e-01 1.034084e+00 
2.023214e-01 1.033499e+00 
2.025000e-01 1.032915e+00 
2.026786e-01 1.032330e+00 
2.028571e-01 1.031747e+00 
2.030357e-01 1.031163e+00 
2.032143e-01 1.030580e+00 
2.033929e-01 1.029998e+00 
2.035714e-01 1.029415e+00 
2.037500e-01 1.028835e+00 
2.039286e-01 1.028258e+00 
2.041071e-01 1.027682e+00 
2.042857e-01 1.027110e+00 
2.044643e-01 1.026538e+00 
2.046429e-01 1.025968e+00 
2.048214e-01 1.025399e+00 
2.050000e-01 1.024833e+00 
2.051786e-01 1.024267e+00 
2.053571e-01 1.023703e+00 
2.055357e-01 1.023140e+00 
2.057143e-01 1.022580e+00 
2.058929e-01 1.022019e+00 
2.060714e-01 1.021460e+00 
2.062500e-01 1.020902e+00 
2.064286e-01 1.020346e+00 
2.066071e-01 1.019790e+00 
2.067857e-01 1.019235e+00 
2.069643e-01 1.018681e+00 
2.071429e-01 1.018128e+00 
2.073214e-01 1.017576e+00 
2.075000e-01 1.017025e+00 
2.076786e-01 1.016475e+00 
2.078571e-01 1.015926e+00 
2.080357e-01 1.015378e+00 
2.082143e-01 1.014831e+00 
2.083929e-01 1.014284e+00 
2.085714e-01 1.013740e+00 
2.087500e-01 1.013196e+00 
2.089286e-01 1.012653e+00 
2.091071e-01 1.012111e+00 
2.092857e-01 1.011571e+00 
2.094643e-01 1.011032e+00 
2.096429e-01 1.010494e+00 
2.098214e-01 1.009957e+00 
2.100000e-01 1.009423e+00 
2.101786e-01 1.008889e+00 
2.103571e-01 1.008356e+00 
2.105357e-01 1.007825e+00 
2.107143e-01 1.007297e+00 
2.108929e-01 1.006769e+00 
2.110714e-01 1.006242e+00 
2.112500e-01 1.005717e+00 
2.114286e-01 1.005196e+00 
2.116071e-01 1.004674e+00 
2.117857e-01 1.004155e+00 
2.119643e-01 1.003637e+00 
2.121429e-01 1.003123e+00 
2.123214e-01 1.002609e+00 
2.125000e-01 1.002097e+00 
2.126786e-01 1.001586e+00 
2.128571e-01 1.001080e+00 
2.130357e-01 1.000574e+00 
2.132143e-01 1.000070e+00 
2.133929e-01 9.995676e-01 
2.135714e-01 9.990698e-01 
2.137500e-01 9.985718e-01 
2.139286e-01 9.980760e-01 
2.141071e-01 9.975824e-01 
2.142857e-01 9.970934e-01 
2.144643e-01 9.966043e-01 
2.146429e-01 9.961173e-01 
2.148214e-01 9.956327e-01 
2.150000e-01 9.951528e-01 
2.151786e-01 9.946728e-01 
2.153571e-01 9.941951e-01 
2.155357e-01 9.937197e-01 
2.157143e-01 9.932493e-01 
2.158929e-01 9.927785e-01 
2.160714e-01 9.923098e-01 
2.162500e-01 9.918434e-01 
2.164286e-01 9.913821e-01 
2.166071e-01 9.909207e-01 
2.167857e-01 9.904619e-01 
2.169643e-01 9.900057e-01 
2.171429e-01 9.895551e-01 
2.173214e-01 9.891042e-01 
2.175000e-01 9.886561e-01 
2.176786e-01 9.882106e-01 
2.178571e-01 9.877710e-01 
2.180357e-01 9.873310e-01 
2.182143e-01 9.868938e-01 
2.183929e-01 9.864593e-01 
2.185714e-01 9.860307e-01 
2.187500e-01 9.856017e-01 
2.189286e-01 9.851755e-01 
2.191071e-01 9.847520e-01 
2.192857e-01 9.843343e-01 
2.194643e-01 9.839163e-01 
2.196429e-01 9.835010e-01 
2.198214e-01 9.830885e-01 
2.200000e-01 9.826818e-01 
2.201786e-01 9.822748e-01 
2.203571e-01 9.818705e-01 
2.205357e-01 9.814689e-01 
2.207143e-01 9.810733e-01 
2.208929e-01 9.806774e-01 
2.210714e-01 9.802842e-01 
2.212500e-01 9.798938e-01 
2.214286e-01 9.795094e-01 
2.216071e-01 9.791247e-01 
2.217857e-01 9.787429e-01 
2.219643e-01 9.783639e-01 
2.221429e-01 9.779911e-01 
2.223214e-01 9.776179e-01 
2.225000e-01 9.772477e-01 
2.226786e-01 9.768804e-01 
2.228571e-01 9.765194e-01 
2.230357e-01 9.761582e-01 
2.232143e-01 9.758000e-01 
2.233929e-01 9.754448e-01 
2.235714e-01 9.750962e-01 
2.237500e-01 9.747473e-01 
2.239286e-01 9.744014e-01 
2.241071e-01 9.740587e-01 
2.242857e-01 9.737228e-01 
2.244643e-01 9.733865e-01 
2.246429e-01 9.730534e-01 
2.248214e-01 9.727237e-01 
2.250000e-01 9.724009e-01 
2.251786e-01 9.720777e-01 
2.253571e-01 9.717578e-01 
2.255357e-01 9.714413e-01 
2.257143e-01 9.711318e-01 
2.258929e-01 9.708221e-01 
2.260714e-01 9.705157e-01 
2.262500e-01 9.702128e-01 
2.264286e-01 9.699170e-01 
2.266071e-01 9.696210e-01 
2.267857e-01 9.693284e-01 
2.269643e-01 9.690393e-01 
2.271429e-01 9.687575e-01 
2.273214e-01 9.684753e-01 
2.275000e-01 9.681967e-01 
2.276786e-01 9.679216e-01 
2.278571e-01 9.676539e-01 
2.280357e-01 9.673858e-01 
2.282143e-01 9.671213e-01 
2.283929e-01 9.668603e-01 
2.285714e-01 9.666069e-01 
2.287500e-01 9.663530e-01 
2.289286e-01 9.661026e-01 
2.291071e-01 9.658557e-01 
2.292857e-01 9.656165e-01 
2.294643e-01 9.653768e-01 
2.296429e-01 9.651406e-01 
2.298214e-01 9.649081e-01 
2.300000e-01 9.646831e-01 
2.301786e-01 9.644578e-01 
2.303571e-01 9.642361e-01 
2.305357e-01 9.640179e-01 
2.307143e-01 9.638075e-01 
2.308929e-01 9.635964e-01 
2.310714e-01 9.633889e-01 
2.312500e-01 9.631848e-01 
2.314286e-01 9.629880e-01 
2.316071e-01 9.627906e-01 
2.317857e-01 9.625966e-01 
2.319643e-01 9.624058e-01 
2.321429e-01 9.622220e-01 
2.323214e-01 9.620378e-01 
2.325000e-01 9.618569e-01 
2.326786e-01 9.616792e-01 
2.328571e-01 9.615084e-01 
2.330357e-01 9.613373e-01 
2.332143e-01 9.611695e-01 
2.333929e-01 9.610051e-01 
2.335714e-01 9.608477e-01 
2.337500e-01 9.606899e-01 
2.339286e-01 9.605356e-01 
2.341071e-01 9.603846e-01 
2.342857e-01 9.602408e-01 
2.344643e-01 9.600966e-01 
2.346429e-01 9.599558e-01 
2.348214e-01 9.598184e-01 
2.350000e-01 9.596881e-01 
2.351786e-01 9.595574e-01 
2.353571e-01 9.594302e-01 
2.355357e-01 9.593063e-01 
2.357143e-01 9.591895e-01 
2.358929e-01 9.590724e-01 
2.360714e-01 9.589586e-01 
2.362500e-01 9.588481e-01 
2.364286e-01 9.587447e-01 
2.366071e-01 9.586408e-01 
2.367857e-01 9.585403e-01 
2.369643e-01 9.584429e-01 
2.371429e-01 9.583525e-01 
2.373214e-01 9.582616e-01 
2.375000e-01 9.581739e-01 
2.376786e-01 9.580893e-01 
2.378571e-01 9.580118e-01 
2.380357e-01 9.579339e-01 
2.382143e-01 9.578592e-01 
2.383929e-01 9.577874e-01 
2.385714e-01 9.577219e-01 
2.387500e-01 9.576560e-01 
2.389286e-01 9.575928e-01 
2.391071e-01 9.575326e-01 
2.392857e-01 9.574781e-01 
2.394643e-01 9.574234e-01 
2.396429e-01 9.573714e-01 
2.398214e-01 9.573222e-01 
2.400000e-01 9.572788e-01 
2.401786e-01 9.572351e-01 
2.403571e-01 9.571942e-01 
2.405357e-01 9.571561e-01 
2.407143e-01 9.571237e-01 
2.408929e-01 9.570911e-01 
2.410714e-01 9.570614e-01 
2.412500e-01 9.570344e-01 
2.414286e-01 9.570132e-01 
2.416071e-01 9.569919e-01 
2.417857e-01 9.569733e-01 
2.419643e-01 9.569576e-01 
2.421429e-01 9.569477e-01 
2.423214e-01 9.569375e-01 
2.425000e-01 9.569298e-01 
2.426786e-01 9.569244e-01 
2.428571e-01 9.569238e-01 
2.430357e-01 9.569236e-01 
2.432143e-01 9.569261e-01 
2.433929e-01 9.569314e-01 
2.435714e-01 9.569427e-01 
2.437500e-01 9.569541e-01 
2.439286e-01 9.569683e-01 
2.441071e-01 9.569856e-01 
2.442857e-01 9.570089e-01 
2.444643e-01 9.570320e-01 
2.446429e-01 9.570580e-01 
2.448214e-01 9.570868e-01 
2.450000e-01 9.571213e-01 
2.451786e-01 9.571555e-01 
2.453571e-01 9.571923e-01 
2.455357e-01 9.572316e-01 
2.457143e-01 9.572760e-01 
2.458929e-01 9.573201e-01 
2.460714e-01 9.573665e-01 
2.462500e-01 9.574152e-01 
2.464286e-01 9.574682e-01 
2.466071e-01 9.575210e-01 
2.467857e-01 9.575758e-01 
2.469643e-01 9.576326e-01 
2.471429e-01 9.576931e-01 
2.473214e-01 9.577535e-01 
2.475000e-01 9.578157e-01 
2.476786e-01 9.578796e-01 
2.478571e-01 9.579469e-01 
2.480357e-01 9.580141e-01 
2.482143e-01 9.580828e-01 
2.483929e-01 9.581532e-01 
2.485714e-01 9.582266e-01 
2.487500e-01 9.583000e-01 
2.489286e-01 9.583749e-01 
2.491071e-01 9.584512e-01 
2.492857e-01 9.585305e-01 
2.494643e-01 9.586098e-01 
2.496429e-01 9.586905e-01 
2.498214e-01 9.587728e-01 
2.500000e-01 9.588578e-01 
2.501786e-01 9.589429e-01 
2.503571e-01 9.590295e-01 
2.505357e-01 9.591176e-01 
2.507143e-01 9.592085e-01 
2.508929e-01 9.592995e-01 
2.510714e-01 9.593921e-01 
2.512500e-01 9.594861e-01 
2.514286e-01 9.595831e-01 
2.516071e-01 9.596802e-01 
2.517857e-01 9.597788e-01 
2.519643e-01 9.598790e-01 
2.521429e-01 9.599823e-01 
2.523214e-01 9.600856e-01 
2.525000e-01 9.601906e-01 
2.526786e-01 9.602971e-01 
2.528571e-01 9.604068e-01 
2.530357e-01 9.605166e-01 
2.532143e-01 9.606280e-01 
2.533929e-01 9.607410e-01 
2.535714e-01 9.608573e-01 
2.537500e-01 9.609736e-01 
2.539286e-01 9.610916e-01 
2.541071e-01 9.612112e-01 
2.542857e-01 9.613341e-01 
2.544643e-01 9.614570e-01 
2.546429e-01 9.615815e-01 
2.548214e-01 9.617077e-01 
2.550000e-01 9.618371e-01 
2.551786e-01 9.619665e-01 
2.553571e-01 9.620975e-01 
2.555357e-01 9.622302e-01 
2.557143e-01 9.623659e-01 
2.558929e-01 9.625017e-01 
2.560714e-01 9.626390e-01 
2.562500e-01 9.627778e-01 
2.564286e-01 9.629196e-01 
2.566071e-01 9.630615e-01 
2.567857e-01 9.632048e-01 
2.569643e-01 9.633496e-01 
2.571429e-01 9.634971e-01 
2.573214e-01 9.636447e-01 
2.575000e-01 9.637936e-01 
2.576786e-01 9.639439e-01 
2.578571e-01 9.640967e-01 
2.580357e-01 9.642495e-01 
2.582143e-01 9.644036e-01 
2.583929e-01 9.645589e-01 
2.585714e-01 9.647165e-01 
2.587500e-01 9.648741e-01 
2.589286e-01 9.650328e-01 
2.591071e-01 9.651926e-01 
2.592857e-01 9.653544e-01 
2.594643e-01 9.655162e-01 
2.596429e-01 9.656790e-01 
2.598214e-01 9.658428e-01 
2.600000e-01 9.660082e-01 
2.601786e-01 9.661737e-01 
2.603571e-01 9.663400e-01 
2.605357e-01 9.665070e-01 
2.607143e-01 9.666755e-01 
2.608929e-01 9.668440e-01 
2.610714e-01 9.670132e-01 
2.612500e-01 9.671830e-01 
2.614286e-01 9.673538e-01 
2.616071e-01 9.675247e-01 
2.617857e-01 9.676962e-01 
2.619643e-01 9.678681e-01 
2.621429e-01 9.680408e-01 
2.623214e-01 9.682135e-01 
2.625000e-01 9.683867e-01 
2.626786e-01 9.685601e-01 
2.628571e-01 9.687340e-01 
2.630357e-01 9.689080e-01 
2.632143e-01 9.690822e-01 
2.633929e-01 9.692566e-01 
2.635714e-01 9.694311e-01 
2.637500e-01 9.696058e-01 
2.639286e-01 9.697805e-01 
2.641071e-01 9.699553e-01 
2.642857e-01 9.701299e-01 
2.644643e-01 9.703047e-01 
2.646429e-01 9.704795e-01 
2.648214e-01 9.706542e-01 
2.650000e-01 9.708284e-01 
2.651786e-01 9.710028e-01 
2.653571e-01 9.711770e-01 
2.655357e-01 9.713511e-01 
2.657143e-01 9.715244e-01 
2.658929e-01 9.716980e-01 
2.660714e-01 9.718712e-01 
2.662500e-01 9.720441e-01 
2.664286e-01 9.722159e-01 
2.666071e-01 9.723881e-01 
2.667857e-01 9.725598e-01 
2.669643e-01 9.727319e-01 
2.671429e-01 9.729063e-01 
2.673214e-01 9.730818e-01 
2.675000e-01 9.732577e-01 
2.676786e-01 9.734341e-01 
2.678571e-01 9.736116e-01 
2.680357e-01 9.737889e-01 
2.682143e-01 9.739664e-01 
2.683929e-01 9.741439e-01 
2.685714e-01 9.743211e-01 
2.687500e-01 9.744981e-01 
2.689286e-01 9.746747e-01 
2.691071e-01 9.748509e-01 
2.692857e-01 9.750257e-01 
2.694643e-01 9.752005e-01 
2.696429e-01 9.753745e-01 
2.698214e-01 9.755476e-01 
2.700000e-01 9.757186e-01 
2.701786e-01 9.758897e-01 
2.703571e-01 9.760598e-01 
2.705357e-01 9.762287e-01 
2.707143e-01 9.763948e-01 
2.708929e-01 9.765613e-01 
2.710714e-01 9.767265e-01 
2.712500e-01 9.768909e-01 
2.714286e-01 9.770531e-01 
2.716071e-01 9.772153e-01 
2.717857e-01 9.773760e-01 
2.719643e-01 9.775351e-01 
2.721429e-01 9.776902e-01 
2.723214e-01 9.778456e-01 
2.725000e-01 9.779992e-01 
2.726786e-01 9.781509e-01 
2.728571e-01 9.782982e-01 
2.730357e-01 9.784458e-01 
2.732143e-01 9.785915e-01 
2.733929e-01 9.787353e-01 
2.735714e-01 9.788747e-01 
2.737500e-01 9.790148e-01 
2.739286e-01 9.791530e-01 
2.741071e-01 9.792895e-01 
2.742857e-01 9.794221e-01 
2.744643e-01 9.795552e-01 
2.746429e-01 9.796867e-01 
2.748214e-01 9.798165e-01 
2.750000e-01 9.799428e-01 
2.751786e-01 9.800696e-01 
2.753571e-01 9.801949e-01 
2.755357e-01 9.803187e-01 
2.757143e-01 9.804390e-01 
2.758929e-01 9.805598e-01 
2.760714e-01 9.806791e-01 
2.762500e-01 9.807969e-01 
2.764286e-01 9.809113e-01 
2.766071e-01 9.810262e-01 
2.767857e-01 9.811395e-01 
2.769643e-01 9.812513e-01 
2.771429e-01 9.813597e-01 
2.773214e-01 9.814684e-01 
2.775000e-01 9.815757e-01 
2.776786e-01 9.816813e-01 
2.778571e-01 9.817835e-01 
2.780357e-01 9.818860e-01 
2.782143e-01 9.819869e-01 
2.783929e-01 9.820862e-01 
2.785714e-01 9.821819e-01 
2.787500e-01 9.822778e-01 
2.789286e-01 9.823721e-01 
2.791071e-01 9.824647e-01 
2.792857e-01 9.825535e-01 
2.794643e-01 9.826426e-01 
2.796429e-01 9.827300e-01 
2.798214e-01 9.828156e-01 
2.800000e-01 9.828971e-01 
2.801786e-01 9.829791e-01 
2.803571e-01 9.830592e-01 
2.805357e-01 9.831374e-01 
2.807143e-01 9.832116e-01 
2.808929e-01 9.832861e-01 
2.810714e-01 9.833587e-01 
2.812500e-01 9.834295e-01 
2.814286e-01 9.834960e-01 
2.816071e-01 9.835629e-01 
2.817857e-01 9.836279e-01 
2.819643e-01 9.836910e-01 
2.821429e-01 9.837499e-01 
2.823214e-01 9.838092e-01 
2.825000e-01 9.838666e-01 
2.826786e-01 9.839220e-01 
2.828571e-01 9.839733e-01 
2.830357e-01 9.840250e-01 
2.832143e-01 9.840748e-01 
2.833929e-01 9.841227e-01 
2.835714e-01 9.841665e-01 
2.837500e-01 9.842107e-01 
2.839286e-01 9.842530e-01 
2.841071e-01 9.842936e-01 
2.842857e-01 9.843301e-01 
2.844643e-01 9.843670e-01 
2.846429e-01 9.844021e-01 
2.848214e-01 9.844355e-01 
2.850000e-01 9.844649e-01 
2.851786e-01 9.844948e-01 
2.853571e-01 9.845230e-01 
2.855357e-01 9.845494e-01 
2.857143e-01 9.845720e-01 
2.858929e-01 9.845951e-01 
2.860714e-01 9.846165e-01 
2.862500e-01 9.846362e-01 
2.864286e-01 9.846524e-01 
2.866071e-01 9.846688e-01 
2.867857e-01 9.846837e-01 
2.869643e-01 9.846970e-01 
2.871429e-01 9.847068e-01 
2.873214e-01 9.847170e-01 
2.875000e-01 9.847256e-01 
2.876786e-01 9.847327e-01 
2.878571e-01 9.847364e-01 
2.880357e-01 9.847404e-01 
2.882143e-01 9.847430e-01 
2.883929e-01 9.847441e-01 
2.885714e-01 9.847419e-01 
2.887500e-01 9.847401e-01 
2.889286e-01 9.847369e-01 
2.891071e-01 9.847324e-01 
2.892857e-01 9.847248e-01 
2.894643e-01 9.847174e-01 
2.896429e-01 9.847086e-01 
2.898214e-01 9.846984e-01 
2.900000e-01 9.846849e-01 
2.901786e-01 9.846717e-01 
2.903571e-01 9.846570e-01 
2.905357e-01 9.846409e-01 
2.907143e-01 9.846215e-01 
2.908929e-01 9.846024e-01 
2.910714e-01 9.845819e-01 
2.912500e-01 9.845600e-01 
2.914286e-01 9.845348e-01 
2.916071e-01 9.845100e-01 
2.917857e-01 9.844837e-01 
2.919643e-01 9.844560e-01 
2.921429e-01 9.844252e-01 
2.923214e-01 9.843947e-01 
2.925000e-01 9.843628e-01 
2.926786e-01 9.843294e-01 
2.928571e-01 9.842930e-01 
2.930357e-01 9.842568e-01 
2.932143e-01 9.842193e-01 
2.933929e-01 9.841803e-01 
2.935714e-01 9.841383e-01 
2.937500e-01 9.840965e-01 
2.939286e-01 9.840534e-01 
2.941071e-01 9.840088e-01 
2.942857e-01 9.839611e-01 
2.944643e-01 9.839137e-01 
2.946429e-01 9.838649e-01 
2.948214e-01 9.838146e-01 
2.950000e-01 9.837612e-01 
2.951786e-01 9.837081e-01 
2.953571e-01 9.836535e-01 
2.955357e-01 9.835974e-01 
2.957143e-01 9.835381e-01 
2.958929e-01 9.834791e-01 
2.960714e-01 9.834187e-01 
2.962500e-01 9.833567e-01 
2.964286e-01 9.832915e-01 
2.966071e-01 9.832265e-01 
2.967857e-01 9.831600e-01 
2.969643e-01 9.830920e-01 
2.971429e-01 9.830206e-01 
2.973214e-01 9.829496e-01 
2.975000e-01 9.828770e-01 
2.976786e-01 9.828028e-01 
2.978571e-01 9.827252e-01 
2.980357e-01 9.826480e-01 
2.982143e-01 9.825691e-01 
2.983929e-01 9.824887e-01 
2.985714e-01 9.824049e-01 
2.987500e-01 9.823213e-01 
2.989286e-01 9.822362e-01 
2.991071e-01 9.821495e-01 
2.992857e-01 9.820593e-01 
2.994643e-01 9.819694e-01 
2.996429e-01 9.818779e-01 
2.998214e-01 9.817849e-01 
3.000000e-01 9.816883e-01 
3.001786e-01 9.815921e-01 
3.003571e-01 9.814943e-01 
3.005357e-01 9.813949e-01 
3.007143e-01 9.812920e-01 
3.008929e-01 9.811895e-01 
3.010714e-01 9.810854e-01 
3.012500e-01 9.809797e-01 
3.014286e-01 9.808706e-01 
3.016071e-01 9.807618e-01 
3.017857e-01 9.806515e-01 
3.019643e-01 9.805397e-01 
3.021429e-01 9.804244e-01 
3.023214e-01 9.803095e-01 
3.025000e-01 9.801931e-01 
3.026786e-01 9.800752e-01 
3.028571e-01 9.799540e-01 
3.030357e-01 9.798331e-01 
3.032143e-01 9.797107e-01 
3.033929e-01 9.795869e-01 
3.035714e-01 9.794598e-01 
3.037500e-01 9.793331e-01 
3.039286e-01 9.792049e-01 
3.041071e-01 9.790753e-01 
3.042857e-01 9.789425e-01 
3.044643e-01 9.788101e-01 
3.046429e-01 9.786763e-01 
3.048214e-01 9.785411e-01 
3.050000e-01 9.784028e-01 
3.051786e-01 9.782649e-01 
3.053571e-01 9.781256e-01 
3.055357e-01 9.779849e-01 
3.057143e-01 9.778413e-01 
3.058929e-01 9.776980e-01 
3.060714e-01 9.775534e-01 
3.062500e-01 9.774075e-01 
3.064286e-01 9.772587e-01 
3.066071e-01 9.771103e-01 
3.067857e-01 9.769605e-01 
3.069643e-01 9.768096e-01 
3.071429e-01 9.766558e-01 
3.073214e-01 9.765024e-01 
3.075000e-01 9.763477e-01 
3.076786e-01 9.761918e-01 
3.078571e-01 9.760333e-01 
3.080357e-01 9.758750e-01 
3.082143e-01 9.757156e-01 
3.083929e-01 9.755551e-01 
3.085714e-01 9.753919e-01 
3.087500e-01 9.752290e-01 
3.089286e-01 9.750650e-01 
3.091071e-01 9.748999e-01 
3.092857e-01 9.747323e-01 
3.094643e-01 9.745650e-01 
3.096429e-01 9.743967e-01 
3.098214e-01 9.742272e-01 
3.100000e-01 9.740554e-01 
3.101786e-01 9.738838e-01 
3.103571e-01 9.737112e-01 
3.105357e-01 9.735376e-01 
3.107143e-01 9.733617e-01 
3.108929e-01 9.731860e-01 
3.110714e-01 9.730094e-01 
3.112500e-01 9.728318e-01 
3.114286e-01 9.726519e-01 
3.116071e-01 9.724724e-01 
3.117857e-01 9.722919e-01 
3.119643e-01 9.721104e-01 
3.121429e-01 9.719268e-01 
3.123214e-01 9.717435e-01 
3.125000e-01 9.715593e-01 
3.126786e-01 9.713742e-01 
3.128571e-01 9.711870e-01 
3.130357e-01 9.710000e-01 
3.132143e-01 9.708122e-01 
3.133929e-01 9.706236e-01 
3.135714e-01 9.704329e-01 
3.137500e-01 9.702425e-01 
3.139286e-01 9.700512e-01 
3.141071e-01 9.698592e-01 
3.142857e-01 9.696652e-01 
3.144643e-01 9.694714e-01 
3.146429e-01 9.692769e-01 
3.148214e-01 9.690815e-01 
3.150000e-01 9.688843e-01 
3.151786e-01 9.686873e-01 
3.153571e-01 9.684896e-01 
3.155357e-01 9.682911e-01 
3.157143e-01 9.680908e-01 
3.158929e-01 9.678907e-01 
3.160714e-01 9.676899e-01 
3.162500e-01 9.674884e-01 
3.164286e-01 9.672851e-01 
3.166071e-01 9.670821e-01 
3.167857e-01 9.668784e-01 
3.169643e-01 9.666739e-01 
3.171429e-01 9.664678e-01 
3.173214e-01 9.662619e-01 
3.175000e-01 9.660554e-01 
3.176786e-01 9.658481e-01 
3.178571e-01 9.656392e-01 
3.180357e-01 9.654306e-01 
3.182143e-01 9.652213e-01 
3.183929e-01 9.650114e-01 
3.185714e-01 9.647999e-01 
3.187500e-01 9.645886e-01 
3.189286e-01 9.643767e-01 
3.191071e-01 9.641641e-01 
3.192857e-01 9.639501e-01 
3.194643e-01 9.637363e-01 
3.196429e-01 9.635219e-01 
3.198214e-01 9.633068e-01 
3.200000e-01 9.630903e-01 
3.201786e-01 9.628741e-01 
3.203571e-01 9.626573e-01 
3.205357e-01 9.624398e-01 
3.207143e-01 9.622210e-01 
3.208929e-01 9.620024e-01 
3.210714e-01 9.617833e-01 
3.212500e-01 9.615636e-01 
3.214286e-01 9.613426e-01 
3.216071e-01 9.611218e-01 
3.217857e-01 9.609004e-01 
3.219643e-01 9.606785e-01 
3.221429e-01 9.604554e-01 
3.223214e-01 9.602325e-01 
3.225000e-01 9.600090e-01 
3.226786e-01 9.597851e-01 
3.228571e-01 9.595599e-01 
3.230357e-01 9.593350e-01 
3.232143e-01 9.591096e-01 
3.233929e-01 9.588837e-01 
3.235714e-01 9.586566e-01 
3.237500e-01 9.584298e-01 
3.239286e-01 9.582025e-01 
3.241071e-01 9.579748e-01 
3.242857e-01 9.577459e-01 
3.244643e-01 9.575173e-01 
3.246429e-01 9.572882e-01 
3.248214e-01 9.570587e-01 
3.250000e-01 9.568282e-01 
3.251786e-01 9.565979e-01 
3.253571e-01 9.563672e-01 
3.255357e-01 9.561360e-01 
3.257143e-01 9.559039e-01 
3.258929e-01 9.556720e-01 
3.260714e-01 9.554397e-01 
3.262500e-01 9.552070e-01 
3.264286e-01 9.549734e-01 
3.266071e-01 9.547400e-01 
3.267857e-01 9.545062e-01 
3.269643e-01 9.542721e-01 
3.271429e-01 9.540371e-01 
3.273214e-01 9.538023e-01 
3.275000e-01 9.535672e-01 
3.276786e-01 9.533317e-01 
3.278571e-01 9.530954e-01 
3.280357e-01 9.528593e-01 
3.282143e-01 9.526229e-01 
3.283929e-01 9.523862e-01 
3.285714e-01 9.521487e-01 
3.287500e-01 9.519114e-01 
3.289286e-01 9.516738e-01 
3.291071e-01 9.514359e-01 
3.292857e-01 9.511973e-01 
3.294643e-01 9.509589e-01 
3.296429e-01 9.507202e-01 
3.298214e-01 9.504813e-01 
3.300000e-01 9.502417e-01 
3.301786e-01 9.500023e-01 
3.303571e-01 9.497626e-01 
3.305357e-01 9.495228e-01 
3.307143e-01 9.492823e-01 
3.308929e-01 9.490420e-01 
3.310714e-01 9.488015e-01 
3.312500e-01 9.485608e-01 
3.314286e-01 9.483196e-01 
3.316071e-01 9.480786e-01 
3.317857e-01 9.478373e-01 
3.319643e-01 9.475960e-01 
3.321429e-01 9.473540e-01 
3.323214e-01 9.471123e-01 
3.325000e-01 9.468704e-01 
3.326786e-01 9.466283e-01 
3.328571e-01 9.463857e-01 
3.330357e-01 9.461434e-01 
3.332143e-01 9.459008e-01 
3.333929e-01 9.456582e-01 
3.335714e-01 9.454150e-01 
3.337500e-01 9.451721e-01 
3.339286e-01 9.449290e-01 
3.341071e-01 9.446858e-01 
3.342857e-01 9.444422e-01 
3.344643e-01 9.441988e-01 
3.346429e-01 9.439553e-01 
3.348214e-01 9.437117e-01 
3.350000e-01 9.434678e-01 
3.351786e-01 9.432240e-01 
3.353571e-01 9.429802e-01 
3.355357e-01 9.427363e-01 
3.357143e-01 9.424921e-01 
3.358929e-01 9.422481e-01 
3.360714e-01 9.420041e-01 
3.362500e-01 9.417600e-01 
3.364286e-01 9.415157e-01 
3.366071e-01 9.412716e-01 
3.367857e-01 9.410274e-01 
3.369643e-01 9.407832e-01 
3.371429e-01 9.405389e-01 
3.373214e-01 9.402947e-01 
3.375000e-01 9.400505e-01 
3.376786e-01 9.398062e-01 
3.378571e-01 9.395619e-01 
3.380357e-01 9.393176e-01 
3.382143e-01 9.390734e-01 
3.383929e-01 9.388291e-01 
3.385714e-01 9.385846e-01 
3.387500e-01 9.383402e-01 
3.389286e-01 9.380958e-01 
3.391071e-01 9.378515e-01 
3.392857e-01 9.376070e-01 
3.394643e-01 9.373626e-01 
3.396429e-01 9.371183e-01 
3.398214e-01 9.368740e-01 
3.400000e-01 9.366297e-01 
3.401786e-01 9.363855e-01 
3.403571e-01 9.361414e-01 
3.405357e-01 9.358973e-01 
3.407143e-01 9.356532e-01 
3.408929e-01 9.354092e-01 
3.410714e-01 9.351652e-01 
3.412500e-01 9.349212e-01 
3.414286e-01 9.346772e-01 
3.416071e-01 9.344333e-01 
3.417857e-01 9.341893e-01 
3.419643e-01 9.339455e-01 
3.421429e-01 9.337015e-01 
3.423214e-01 9.334576e-01 
3.425000e-01 9.332138e-01 
3.426786e-01 9.329699e-01 
3.428571e-01 9.327260e-01 
3.430357e-01 9.324821e-01 
3.432143e-01 9.322383e-01 
3.433929e-01 9.319945e-01 
3.435714e-01 9.317506e-01 
3.437500e-01 9.315068e-01 
3.439286e-01 9.312630e-01 
3.441071e-01 9.310192e-01 
3.442857e-01 9.307754e-01 
3.444643e-01 9.305317e-01 
3.446429e-01 9.302880e-01 
3.448214e-01 9.300444e-01 
3.450000e-01 9.298008e-01 
3.451786e-01 9.295574e-01 
3.453571e-01 9.293140e-01 
3.455357e-01 9.290708e-01 
3.457143e-01 9.288278e-01 
3.458929e-01 9.285850e-01 
3.460714e-01 9.283422e-01 
3.462500e-01 9.280997e-01 
3.464286e-01 9.278572e-01 
3.466071e-01 9.276149e-01 
3.467857e-01 9.273729e-01 
3.469643e-01 9.271310e-01 
3.471429e-01 9.268896e-01 
3.473214e-01 9.266481e-01 
3.475000e-01 9.264069e-01 
3.476786e-01 9.261662e-01 
3.478571e-01 9.259252e-01 
3.480357e-01 9.256849e-01 
3.482143e-01 9.254449e-01 
