0.000000e+00 4.476159e+01 
1.785714e-04 4.039465e+01 
3.571429e-04 3.603653e+01 
5.357143e-04 3.176183e+01 
7.142857e-04 2.793794e+01 
8.928571e-04 2.391858e+01 
1.071429e-03 2.004784e+01 
1.250000e-03 1.633011e+01 
1.428571e-03 1.295708e+01 
1.607143e-03 9.554536e+00 
1.785714e-03 6.303191e+00 
1.964286e-03 3.200744e+00 
2.142857e-03 3.777645e-01 
2.321429e-03 2.417490e+00 
2.500000e-03 5.070632e+00 
2.678571e-03 7.582538e+00 
2.857143e-03 9.835463e+00 
3.035714e-03 1.204624e+01 
3.214286e-03 1.411667e+01 
3.392857e-03 1.604538e+01 
3.571429e-03 1.770223e+01 
3.750000e-03 1.932665e+01 
3.928571e-03 2.080674e+01 
4.107143e-03 2.214103e+01 
4.285714e-03 2.318286e+01 
4.464286e-03 2.421415e+01 
4.642857e-03 2.510024e+01 
4.821429e-03 2.584171e+01 
5.000000e-03 2.628562e+01 
5.178571e-03 2.674220e+01 
5.357143e-03 2.706193e+01 
5.535714e-03 2.724915e+01 
5.714286e-03 2.716229e+01 
5.892857e-03 2.710704e+01 
6.071429e-03 2.693719e+01 
6.250000e-03 2.665929e+01 
6.428571e-03 2.615718e+01 
6.607143e-03 2.569348e+01 
6.785714e-03 2.514252e+01 
6.964286e-03 2.451140e+01 
7.142857e-03 2.371379e+01 
7.321429e-03 2.295393e+01 
7.500000e-03 2.213410e+01 
7.678571e-03 2.126096e+01 
7.857143e-03 2.027642e+01 
8.035714e-03 1.932463e+01 
8.214286e-03 1.833696e+01 
8.392857e-03 1.731904e+01 
8.571429e-03 1.624016e+01 
8.750000e-03 1.518536e+01 
8.928571e-03 1.411366e+01 
9.107143e-03 1.302938e+01 
9.285714e-03 1.191850e+01 
9.464286e-03 1.082663e+01 
9.642857e-03 9.732395e+00 
9.821429e-03 8.638911e+00 
1.000000e-02 7.546517e+00 
1.017857e-02 6.467158e+00 
1.035714e-02 5.395883e+00 
1.053571e-02 4.334937e+00 
1.071429e-02 3.295152e+00 
1.089286e-02 2.263731e+00 
1.107143e-02 1.247981e+00 
1.125000e-02 2.495587e-01 
1.142857e-02 7.127942e-01 
1.160714e-02 1.670224e+00 
1.178571e-02 2.606180e+00 
1.196429e-02 3.519372e+00 
1.214286e-02 4.384818e+00 
1.232143e-02 5.248358e+00 
1.250000e-02 6.086127e+00 
1.267857e-02 6.896885e+00 
1.285714e-02 7.650486e+00 
1.303571e-02 8.403253e+00 
1.321429e-02 9.125813e+00 
1.339286e-02 9.815130e+00 
1.357143e-02 1.043799e+01 
1.375000e-02 1.106290e+01 
1.392857e-02 1.165369e+01 
1.410714e-02 1.220981e+01 
1.428571e-02 1.269277e+01 
1.446429e-02 1.317999e+01 
1.464286e-02 1.363222e+01 
1.482143e-02 1.404945e+01 
1.500000e-02 1.439213e+01 
1.517857e-02 1.474031e+01 
1.535714e-02 1.505349e+01 
1.553571e-02 1.533177e+01 
1.571429e-02 1.553511e+01 
1.589286e-02 1.574514e+01 
1.607143e-02 1.592071e+01 
1.625000e-02 1.606209e+01 
1.642857e-02 1.612943e+01 
1.660714e-02 1.620435e+01 
1.678571e-02 1.624586e+01 
1.696429e-02 1.625432e+01 
1.714286e-02 1.619076e+01 
1.732143e-02 1.613497e+01 
1.750000e-02 1.604703e+01 
1.767857e-02 1.592725e+01 
1.785714e-02 1.573789e+01 
1.803571e-02 1.555590e+01 
1.821429e-02 1.534293e+01 
1.839286e-02 1.509926e+01 
1.857143e-02 1.478872e+01 
1.875000e-02 1.448498e+01 
1.892857e-02 1.415152e+01 
1.910714e-02 1.378879e+01 
1.928571e-02 1.336324e+01 
1.946429e-02 1.294407e+01 
1.964286e-02 1.249742e+01 
1.982143e-02 1.202399e+01 
2.000000e-02 1.149423e+01 
2.017857e-02 1.097044e+01 
2.035714e-02 1.042277e+01 
2.053571e-02 9.852426e+00 
2.071429e-02 9.236279e+00 
2.089286e-02 8.625843e+00 
2.107143e-02 7.997337e+00 
2.125000e-02 7.352568e+00 
2.142857e-02 6.677664e+00 
2.160714e-02 6.008098e+00 
2.178571e-02 5.328816e+00 
2.196429e-02 4.642282e+00 
2.214286e-02 3.946698e+00 
2.232143e-02 3.255811e+00 
2.250000e-02 2.565997e+00 
2.267857e-02 1.880203e+00 
2.285714e-02 1.210804e+00 
2.303571e-02 5.449981e-01 
2.321429e-02 1.069630e-01 
2.339286e-02 7.416080e-01 
2.357143e-02 1.330484e+00 
2.375000e-02 1.917131e+00 
2.392857e-02 2.475455e+00 
2.410714e-02 3.004824e+00 
2.428571e-02 3.469340e+00 
2.446429e-02 3.941488e+00 
2.464286e-02 4.386839e+00 
2.482143e-02 4.806708e+00 
2.500000e-02 5.170686e+00 
2.517857e-02 5.542650e+00 
2.535714e-02 5.892267e+00 
2.553571e-02 6.220559e+00 
2.571429e-02 6.502593e+00 
2.589286e-02 6.791176e+00 
2.607143e-02 7.061217e+00 
2.625000e-02 7.312891e+00 
2.642857e-02 7.524356e+00 
2.660714e-02 7.740336e+00 
2.678571e-02 7.939221e+00 
2.696429e-02 8.121352e+00 
2.714286e-02 8.266807e+00 
2.732143e-02 8.415968e+00 
2.750000e-02 8.549246e+00 
2.767857e-02 8.666855e+00 
2.785714e-02 8.750186e+00 
2.803571e-02 8.836773e+00 
2.821429e-02 8.908405e+00 
2.839286e-02 8.965283e+00 
2.857143e-02 8.989988e+00 
2.875000e-02 9.017812e+00 
2.892857e-02 9.031696e+00 
2.910714e-02 9.031898e+00 
2.928571e-02 9.002409e+00 
2.946429e-02 8.976028e+00 
2.964286e-02 8.937003e+00 
2.982143e-02 8.885674e+00 
3.000000e-02 8.807646e+00 
3.017857e-02 8.732549e+00 
3.035714e-02 8.646277e+00 
3.053571e-02 8.549345e+00 
3.071429e-02 8.429648e+00 
3.089286e-02 8.313181e+00 
3.107143e-02 8.187650e+00 
3.125000e-02 8.053553e+00 
3.142857e-02 7.901238e+00 
3.160714e-02 7.751768e+00 
3.178571e-02 7.595298e+00 
3.196429e-02 7.432317e+00 
3.214286e-02 7.255563e+00 
3.232143e-02 7.081270e+00 
3.250000e-02 6.901989e+00 
3.267857e-02 6.718194e+00 
3.285714e-02 6.524954e+00 
3.303571e-02 6.333792e+00 
3.321429e-02 6.139588e+00 
3.339286e-02 5.942794e+00 
3.357143e-02 5.740719e+00 
3.375000e-02 5.540314e+00 
3.392857e-02 5.338702e+00 
3.410714e-02 5.136300e+00 
3.428571e-02 4.932510e+00 
3.446429e-02 4.729947e+00 
3.464286e-02 4.527847e+00 
3.482143e-02 4.326560e+00 
3.500000e-02 4.127046e+00 
3.517857e-02 3.928063e+00 
3.535714e-02 3.732905e+00 
3.553571e-02 3.541149e+00 
3.571429e-02 3.356356e+00 
3.589286e-02 3.170432e+00 
3.607143e-02 2.987652e+00 
3.625000e-02 2.808041e+00 
3.642857e-02 2.626514e+00 
3.660714e-02 2.443911e+00 
3.678571e-02 2.263901e+00 
3.696429e-02 2.088219e+00 
3.714286e-02 1.923603e+00 
3.732143e-02 1.761128e+00 
3.750000e-02 1.605265e+00 
3.767857e-02 1.456395e+00 
3.785714e-02 1.323037e+00 
3.803571e-02 1.188431e+00 
3.821429e-02 1.060719e+00 
3.839286e-02 9.397352e-01 
3.857143e-02 8.331894e-01 
3.875000e-02 7.244126e-01 
3.892857e-02 6.215282e-01 
3.910714e-02 5.242435e-01 
3.928571e-02 4.383262e-01 
3.946429e-02 3.494296e-01 
3.964286e-02 2.644912e-01 
3.982143e-02 1.835153e-01 
4.000000e-02 1.112351e-01 
4.017857e-02 3.794601e-02 
4.035714e-02 3.151162e-02 
4.053571e-02 9.720127e-02 
4.071429e-02 1.546662e-01 
4.089286e-02 2.131700e-01 
4.107143e-02 2.680662e-01 
4.125000e-02 3.194096e-01 
4.142857e-02 3.629715e-01 
4.160714e-02 4.074634e-01 
4.178571e-02 4.484958e-01 
4.196429e-02 4.861005e-01 
4.214286e-02 5.161657e-01 
4.232143e-02 5.470708e-01 
4.250000e-02 5.745943e-01 
4.267857e-02 5.987581e-01 
4.285714e-02 6.155253e-01 
4.303571e-02 6.331060e-01 
4.321429e-02 6.473855e-01 
4.339286e-02 6.583971e-01 
4.357143e-02 6.622380e-01 
4.375000e-02 6.669183e-01 
4.392857e-02 6.684596e-01 
4.410714e-02 6.669235e-01 
4.428571e-02 6.586850e-01 
4.446429e-02 6.513313e-01 
4.464286e-02 6.411372e-01 
4.482143e-02 6.282018e-01 
4.500000e-02 6.093635e-01 
4.517857e-02 5.914412e-01 
4.535714e-02 5.711327e-01 
4.553571e-02 5.485747e-01 
4.571429e-02 5.212539e-01 
4.589286e-02 4.948402e-01 
4.607143e-02 4.666355e-01 
4.625000e-02 4.368062e-01 
4.642857e-02 4.036287e-01 
4.660714e-02 3.712922e-01 
4.678571e-02 3.378576e-01 
4.696429e-02 3.035087e-01 
4.714286e-02 2.674014e-01 
4.732143e-02 2.320247e-01 
4.750000e-02 1.962895e-01 
4.767857e-02 1.603805e-01 
4.785714e-02 1.243375e-01 
4.803571e-02 8.885701e-02 
4.821429e-02 5.372990e-02 
4.839286e-02 1.912508e-02 
4.857143e-02 1.411171e-02 
4.875000e-02 4.698586e-02 
4.892857e-02 7.888265e-02 
4.910714e-02 1.096620e-01 
4.928571e-02 1.378104e-01 
4.946429e-02 1.658067e-01 
4.964286e-02 1.923344e-01 
4.982143e-02 2.172910e-01 
5.000000e-02 2.386756e-01 
5.017857e-02 2.601109e-01 
5.035714e-02 2.797466e-01 
5.053571e-02 2.975227e-01 
5.071429e-02 3.111514e-01 
5.089286e-02 3.250100e-01 
5.107143e-02 3.369093e-01 
5.125000e-02 3.468318e-01 
5.142857e-02 3.524056e-01 
5.160714e-02 3.583538e-01 
5.178571e-02 3.623489e-01 
5.196429e-02 3.644133e-01 
5.214286e-02 3.622789e-01 
5.232143e-02 3.606204e-01 
5.250000e-02 3.571651e-01 
5.267857e-02 3.519697e-01 
5.285714e-02 3.430358e-01 
5.303571e-02 3.346368e-01 
5.321429e-02 3.247196e-01 
5.339286e-02 3.133642e-01 
5.357143e-02 2.989556e-01 
5.375000e-02 2.851584e-01 
5.392857e-02 2.702444e-01 
5.410714e-02 2.542850e-01 
5.428571e-02 2.361047e-01 
5.446429e-02 2.183383e-01 
5.464286e-02 1.997451e-01 
5.482143e-02 1.804148e-01 
5.500000e-02 1.595825e-01 
5.517857e-02 1.391940e-01 
5.535714e-02 1.183899e-01 
5.553571e-02 9.728532e-02 
5.571429e-02 7.566660e-02 
5.589286e-02 5.445780e-02 
5.607143e-02 3.330588e-02 
5.625000e-02 1.232552e-02 
5.642857e-02 8.141169e-03 
5.660714e-02 2.831964e-02 
5.678571e-02 6.489641e-03 
5.696429e-02 5.491498e-03 
5.714286e-02 2.942908e-02 
5.732143e-02 6.297612e-02 
5.750000e-02 9.918672e-02 
5.767857e-02 1.359722e-01 
5.785714e-02 1.717678e-01 
5.803571e-02 2.031551e-01 
5.821429e-02 2.315719e-01 
5.839286e-02 2.562777e-01 
5.857143e-02 2.721908e-01 
5.875000e-02 2.726056e-01 
5.892857e-02 2.749480e-01 
5.910714e-02 2.783716e-01 
5.928571e-02 2.831167e-01 
5.946429e-02 2.856099e-01 
5.964286e-02 2.872990e-01 
5.982143e-02 2.877466e-01 
6.000000e-02 2.850229e-01 
6.017857e-02 2.817457e-01 
6.035714e-02 2.766663e-01 
6.053571e-02 2.697405e-01 
6.071429e-02 2.588176e-01 
6.089286e-02 2.484378e-01 
6.107143e-02 2.365846e-01 
6.125000e-02 2.049650e-01 
6.142857e-02 1.753469e-01 
6.160714e-02 1.621646e-01 
6.178571e-02 1.519633e-01 
6.196429e-02 1.440677e-01 
6.214286e-02 1.404810e-01 
6.232143e-02 1.348111e-01 
6.250000e-02 1.299501e-01 
6.267857e-02 1.255463e-01 
6.285714e-02 1.216869e-01 
6.303571e-02 1.169937e-01 
6.321429e-02 1.121189e-01 
6.339286e-02 1.069243e-01 
6.357143e-02 1.009976e-01 
6.375000e-02 9.502537e-02 
6.392857e-02 8.874831e-02 
6.410714e-02 8.220629e-02 
6.428571e-02 7.517231e-02 
6.446429e-02 6.838787e-02 
6.464286e-02 6.158871e-02 
6.482143e-02 5.486321e-02 
6.500000e-02 4.842323e-02 
6.517857e-02 2.156647e-02 
6.535714e-02 4.521898e-03 
6.553571e-02 4.466186e-03 
6.571429e-02 1.993520e-03 
6.589286e-02 2.405092e-03 
6.607143e-02 6.521889e-03 
6.625000e-02 1.314965e-02 
6.642857e-02 2.386188e-02 
6.660714e-02 3.133080e-02 
6.678571e-02 3.879554e-02 
6.696429e-02 4.563764e-02 
6.714286e-02 5.043653e-02 
6.732143e-02 5.413487e-02 
6.750000e-02 5.621667e-02 
6.767857e-02 5.650008e-02 
6.785714e-02 5.269936e-02 
6.803571e-02 4.908538e-02 
6.821429e-02 4.367930e-02 
6.839286e-02 3.656271e-02 
6.857143e-02 2.586232e-02 
6.875000e-02 1.590217e-02 
6.892857e-02 4.741446e-03 
6.910714e-02 7.424798e-03 
6.928571e-02 2.151178e-02 
6.946429e-02 3.480792e-02 
6.964286e-02 4.846937e-02 
6.982143e-02 6.229221e-02 
7.000000e-02 7.619589e-02 
7.017857e-02 8.952953e-02 
7.035714e-02 1.024827e-01 
7.053571e-02 1.149010e-01 
7.071429e-02 1.259520e-01 
7.089286e-02 1.367444e-01 
7.107143e-02 1.466612e-01 
7.125000e-02 1.556183e-01 
7.142857e-02 2.043387e-01 
7.160714e-02 2.112474e-01 
7.178571e-02 2.113702e-01 
7.196429e-02 2.064657e-01 
7.214286e-02 1.925653e-01 
7.232143e-02 1.836226e-01 
7.250000e-02 1.732224e-01 
7.267857e-02 1.622454e-01 
7.285714e-02 1.509482e-01 
7.303571e-02 1.415366e-01 
7.321429e-02 1.329929e-01 
7.339286e-02 1.256044e-01 
7.357143e-02 1.209854e-01 
7.375000e-02 1.165166e-01 
7.392857e-02 1.133520e-01 
7.410714e-02 1.114432e-01 
7.428571e-02 1.121442e-01 
7.446429e-02 1.122595e-01 
7.464286e-02 1.131607e-01 
7.482143e-02 1.146629e-01 
7.500000e-02 1.172065e-01 
7.517857e-02 1.328881e-01 
7.535714e-02 1.421218e-01 
7.553571e-02 1.460228e-01 
7.571429e-02 1.395745e-01 
7.589286e-02 1.368685e-01 
7.607143e-02 1.313720e-01 
7.625000e-02 1.237628e-01 
7.642857e-02 1.122955e-01 
7.660714e-02 1.027655e-01 
7.678571e-02 9.248121e-02 
7.696429e-02 8.177364e-02 
7.714286e-02 7.048435e-02 
7.732143e-02 5.994149e-02 
7.750000e-02 4.950782e-02 
7.767857e-02 3.928942e-02 
7.785714e-02 2.962639e-02 
7.803571e-02 2.006929e-02 
7.821429e-02 1.079292e-02 
7.839286e-02 1.508268e-02 
7.857143e-02 1.565543e-02 
7.875000e-02 5.133194e-03 
7.892857e-02 7.433870e-03 
7.910714e-02 2.139185e-02 
7.928571e-02 3.763535e-02 
7.946429e-02 5.210725e-02 
7.964286e-02 6.661179e-02 
7.982143e-02 8.081408e-02 
8.000000e-02 9.399333e-02 
8.017857e-02 1.065544e-01 
8.035714e-02 1.182624e-01 
8.053571e-02 1.290094e-01 
8.071429e-02 1.375601e-01 
8.089286e-02 1.461601e-01 
8.107143e-02 1.537481e-01 
8.125000e-02 1.603441e-01 
8.142857e-02 1.648183e-01 
8.160714e-02 1.696205e-01 
8.178571e-02 1.736107e-01 
8.196429e-02 1.768581e-01 
8.214286e-02 1.785746e-01 
8.232143e-02 1.806468e-01 
8.250000e-02 1.821989e-01 
8.267857e-02 1.832984e-01 
8.285714e-02 1.834882e-01 
8.303571e-02 1.839381e-01 
8.321429e-02 1.840974e-01 
8.339286e-02 1.840071e-01 
8.357143e-02 1.834119e-01 
8.375000e-02 1.829518e-01 
8.392857e-02 1.823088e-01 
8.410714e-02 1.814931e-01 
8.428571e-02 1.802991e-01 
8.446429e-02 1.791419e-01 
8.464286e-02 1.777950e-01 
8.482143e-02 1.762448e-01 
8.500000e-02 1.743264e-01 
8.517857e-02 1.723985e-01 
8.535714e-02 1.702047e-01 
8.553571e-02 1.677072e-01 
8.571429e-02 1.644948e-01 
8.589286e-02 1.612538e-01 
8.607143e-02 1.576236e-01 
8.625000e-02 1.334908e-01 
8.642857e-02 1.173060e-01 
8.660714e-02 1.174326e-01 
8.678571e-02 1.198506e-01 
8.696429e-02 1.233471e-01 
8.714286e-02 1.276210e-01 
8.732143e-02 1.295587e-01 
8.750000e-02 1.305329e-01 
8.767857e-02 1.298064e-01 
8.785714e-02 1.254761e-01 
8.803571e-02 1.208423e-01 
8.821429e-02 1.143631e-01 
8.839286e-02 1.060207e-01 
8.857143e-02 9.367730e-02 
8.875000e-02 8.192782e-02 
8.892857e-02 6.872143e-02 
8.910714e-02 5.424365e-02 
8.928571e-02 3.727807e-02 
8.946429e-02 2.117668e-02 
8.964286e-02 4.510255e-03 
8.982143e-02 1.248455e-02 
9.000000e-02 2.986801e-02 
9.017857e-02 4.654120e-02 
9.035714e-02 6.286848e-02 
9.053571e-02 7.864993e-02 
9.071429e-02 9.297364e-02 
9.089286e-02 1.186966e-01 
9.107143e-02 1.375135e-01 
9.125000e-02 1.506467e-01 
9.142857e-02 1.527502e-01 
9.160714e-02 1.588291e-01 
9.178571e-02 1.618680e-01 
9.196429e-02 1.625588e-01 
9.214286e-02 1.588744e-01 
9.232143e-02 1.571714e-01 
9.250000e-02 1.544567e-01 
9.267857e-02 1.510527e-01 
9.285714e-02 1.464686e-01 
9.303571e-02 1.426576e-01 
9.321429e-02 1.386642e-01 
9.339286e-02 1.345899e-01 
9.357143e-02 1.304175e-01 
9.375000e-02 1.264064e-01 
9.392857e-02 1.223830e-01 
9.410714e-02 1.183429e-01 
9.428571e-02 1.142356e-01 
9.446429e-02 1.100697e-01 
9.464286e-02 1.057932e-01 
9.482143e-02 1.013722e-01 
9.500000e-02 9.658424e-02 
9.517857e-02 9.173386e-02 
9.535714e-02 8.664679e-02 
9.553571e-02 9.402168e-02 
9.571429e-02 9.570914e-02 
9.589286e-02 8.695694e-02 
9.607143e-02 7.599361e-02 
9.625000e-02 6.358427e-02 
9.642857e-02 4.888058e-02 
9.660714e-02 3.616740e-02 
9.678571e-02 2.352500e-02 
9.696429e-02 1.131722e-02 
9.714286e-02 4.415413e-04 
9.732143e-02 9.810277e-03 
9.750000e-02 1.907406e-02 
9.767857e-02 2.725034e-02 
9.785714e-02 3.297485e-02 
9.803571e-02 3.881477e-02 
9.821429e-02 4.357357e-02 
9.839286e-02 4.729259e-02 
9.857143e-02 4.881930e-02 
9.875000e-02 5.074353e-02 
9.892857e-02 5.187758e-02 
9.910714e-02 5.231308e-02 
9.928571e-02 5.134904e-02 
9.946429e-02 5.078860e-02 
9.964286e-02 4.981574e-02 
9.982143e-02 4.851761e-02 
1.000000e-01 4.661954e-02 
1.001786e-01 4.500328e-02 
1.003571e-01 4.327649e-02 
1.005357e-01 4.149644e-02 
1.007143e-01 3.966808e-02 
1.008929e-01 3.797322e-02 
1.010714e-01 3.633450e-02 
1.012500e-01 3.477490e-02 
1.014286e-01 3.341159e-02 
1.016071e-01 3.206346e-02 
1.017857e-01 3.081027e-02 
1.019643e-01 2.964809e-02 
1.021429e-01 2.867523e-02 
1.023214e-01 2.765082e-02 
1.025000e-01 2.667321e-02 
1.026786e-01 2.579622e-02 
1.028571e-01 2.505506e-02 
1.030357e-01 2.420319e-02 
1.032143e-01 2.331985e-02 
1.033929e-01 2.237117e-02 
1.035714e-01 2.124072e-02 
1.037500e-01 2.004116e-02 
1.039286e-01 1.870333e-02 
1.041071e-01 1.720905e-02 
1.042857e-01 1.535418e-02 
1.044643e-01 1.349153e-02 
1.046429e-01 1.144520e-02 
1.048214e-01 9.211961e-03 
1.050000e-01 6.571554e-03 
1.051786e-01 3.970051e-03 
1.053571e-01 1.196729e-03 
1.055357e-01 1.738471e-03 
1.057143e-01 5.008577e-03 
1.058929e-01 8.210492e-03 
1.060714e-01 1.152495e-02 
1.062500e-01 1.493213e-02 
1.064286e-01 1.851029e-02 
1.066071e-01 2.201017e-02 
1.067857e-01 2.553143e-02 
1.069643e-01 2.904882e-02 
1.071429e-01 3.251948e-02 
1.073214e-01 3.592012e-02 
1.075000e-01 3.923780e-02 
1.076786e-01 4.244661e-02 
1.078571e-01 4.537927e-02 
1.080357e-01 4.826487e-02 
1.082143e-01 5.096865e-02 
1.083929e-01 5.346838e-02 
1.085714e-01 5.548983e-02 
1.087500e-01 5.749645e-02 
1.089286e-01 5.924391e-02 
1.091071e-01 6.071878e-02 
1.092857e-01 6.157733e-02 
1.094643e-01 6.245854e-02 
1.096429e-01 6.303794e-02 
1.098214e-01 6.330913e-02 
1.100000e-01 6.289697e-02 
1.101786e-01 6.253591e-02 
1.103571e-01 6.186157e-02 
1.105357e-01 6.087576e-02 
1.107143e-01 5.921118e-02 
1.108929e-01 5.762171e-02 
1.110714e-01 5.574185e-02 
1.112500e-01 5.358215e-02 
1.114286e-01 5.082539e-02 
1.116071e-01 4.816113e-02 
1.117857e-01 4.526275e-02 
1.119643e-01 4.214805e-02 
1.121429e-01 3.858524e-02 
1.123214e-01 3.512028e-02 
1.125000e-01 3.150210e-02 
1.126786e-01 2.775307e-02 
1.128571e-01 2.374902e-02 
1.130357e-01 1.983575e-02 
1.132143e-01 1.586307e-02 
1.133929e-01 1.185421e-02 
1.135714e-01 7.762230e-03 
1.137500e-01 3.746605e-03 
1.139286e-01 2.449664e-04 
1.141071e-01 4.184655e-03 
1.142857e-01 4.658864e-03 
1.144643e-01 5.032952e-04 
1.146429e-01 5.220944e-03 
1.148214e-01 1.189511e-02 
1.150000e-01 1.996128e-02 
1.151786e-01 2.650967e-02 
1.153571e-01 3.285415e-02 
1.155357e-01 3.872801e-02 
1.157143e-01 4.330330e-02 
1.158929e-01 4.748295e-02 
1.160714e-01 5.083478e-02 
1.162500e-01 5.330568e-02 
1.164286e-01 5.382544e-02 
1.166071e-01 5.451059e-02 
1.167857e-01 5.438982e-02 
1.169643e-01 5.351625e-02 
1.171429e-01 5.108662e-02 
1.173214e-01 4.900994e-02 
1.175000e-01 4.642767e-02 
1.176786e-01 4.342628e-02 
1.178571e-01 2.800822e-02 
1.180357e-01 2.464405e-02 
1.182143e-01 2.266899e-02 
1.183929e-01 2.165265e-02 
1.185714e-01 2.226715e-02 
1.187500e-01 2.178170e-02 
1.189286e-01 2.147500e-02 
1.191071e-01 2.116796e-02 
1.192857e-01 2.068503e-02 
1.194643e-01 1.987627e-02 
1.196429e-01 1.883015e-02 
1.198214e-01 1.750980e-02 
1.200000e-01 1.557374e-02 
1.201786e-01 1.367686e-02 
1.203571e-01 1.154265e-02 
1.205357e-01 9.199539e-03 
1.207143e-01 3.268784e-03 
1.208929e-01 5.880327e-03 
1.210714e-01 7.277072e-03 
1.212500e-01 7.822414e-03 
1.214286e-01 6.898115e-03 
1.216071e-01 6.911261e-03 
1.217857e-01 6.732557e-03 
1.219643e-01 6.514725e-03 
1.221429e-01 6.361485e-03 
1.223214e-01 6.497698e-03 
1.225000e-01 6.803032e-03 
1.226786e-01 1.145164e-02 
1.228571e-01 1.506231e-02 
1.230357e-01 1.528196e-02 
1.232143e-01 1.505508e-02 
1.233929e-01 1.458364e-02 
1.235714e-01 1.378874e-02 
1.237500e-01 1.344854e-02 
1.239286e-01 1.319412e-02 
1.241071e-01 1.578158e-02 
1.242857e-01 1.792321e-02 
1.244643e-01 1.792993e-02 
1.246429e-01 1.770050e-02 
1.248214e-01 1.736626e-02 
1.250000e-01 1.693964e-02 
1.251786e-01 1.814146e-02 
1.253571e-01 1.890896e-02 
1.255357e-01 1.935892e-02 
1.257143e-01 1.924849e-02 
1.258929e-01 2.025836e-02 
1.260714e-01 2.090662e-02 
1.262500e-01 2.127466e-02 
1.264286e-01 2.113007e-02 
1.266071e-01 2.186479e-02 
1.267857e-01 2.231883e-02 
1.269643e-01 2.254008e-02 
1.271429e-01 2.314445e-02 
1.273214e-01 2.332005e-02 
1.275000e-01 2.347204e-02 
1.276786e-01 2.346447e-02 
1.278571e-01 2.313441e-02 
1.280357e-01 2.297321e-02 
1.282143e-01 2.288309e-02 
1.283929e-01 2.269764e-02 
1.285714e-01 2.240866e-02 
1.287500e-01 2.211612e-02 
1.289286e-01 2.177345e-02 
1.291071e-01 2.138696e-02 
1.292857e-01 2.090937e-02 
1.294643e-01 2.045119e-02 
1.296429e-01 1.995679e-02 
1.298214e-01 1.942778e-02 
1.300000e-01 1.882369e-02 
1.301786e-01 1.822946e-02 
1.303571e-01 1.760332e-02 
1.305357e-01 1.694635e-02 
1.307143e-01 1.622297e-02 
1.308929e-01 1.550960e-02 
1.310714e-01 1.477037e-02 
1.312500e-01 1.400741e-02 
1.314286e-01 1.319536e-02 
1.316071e-01 1.239537e-02 
1.317857e-01 1.158046e-02 
1.319643e-01 1.075390e-02 
1.321429e-01 9.906303e-03 
1.323214e-01 9.071222e-03 
1.325000e-01 8.235961e-03 
1.326786e-01 7.409904e-03 
1.328571e-01 6.603555e-03 
1.330357e-01 5.803057e-03 
1.332143e-01 5.016985e-03 
1.333929e-01 4.248156e-03 
1.335714e-01 3.521195e-03 
1.337500e-01 2.799774e-03 
1.339286e-01 2.105449e-03 
1.341071e-01 1.441362e-03 
1.342857e-01 8.476449e-04 
1.344643e-01 2.564879e-04 
1.346429e-01 2.958819e-04 
1.348214e-01 8.071197e-04 
1.350000e-01 1.225465e-03 
1.351786e-01 1.646403e-03 
1.353571e-01 2.021337e-03 
1.355357e-01 2.349293e-03 
1.357143e-01 2.573531e-03 
1.358929e-01 2.805616e-03 
1.360714e-01 2.990366e-03 
1.362500e-01 3.128289e-03 
1.364286e-01 3.164866e-03 
1.366071e-01 3.213300e-03 
1.367857e-01 3.218758e-03 
1.369643e-01 3.183026e-03 
1.371429e-01 3.060247e-03 
1.373214e-01 2.952198e-03 
1.375000e-01 2.810743e-03 
1.376786e-01 2.638711e-03 
1.378571e-01 2.403846e-03 
1.380357e-01 2.183021e-03 
1.382143e-01 1.940499e-03 
1.383929e-01 1.679338e-03 
1.385714e-01 1.381823e-03 
1.387500e-01 1.096419e-03 
1.389286e-01 8.015487e-04 
1.391071e-01 5.002512e-04 
1.392857e-01 1.892848e-04 
1.394643e-01 1.123212e-04 
1.396429e-01 4.117485e-04 
1.398214e-01 7.062584e-04 
1.400000e-01 9.860353e-04 
1.401786e-01 1.259785e-03 
1.403571e-01 1.521352e-03 
1.405357e-01 1.768518e-03 
1.407143e-01 1.980912e-03 
1.408929e-01 2.190773e-03 
1.410714e-01 2.380819e-03 
1.412500e-01 2.549508e-03 
1.414286e-01 2.669133e-03 
1.416071e-01 2.789611e-03 
1.417857e-01 2.885536e-03 
1.419643e-01 2.956125e-03 
1.421429e-01 2.969984e-03 
1.423214e-01 2.987625e-03 
1.425000e-01 2.978994e-03 
1.426786e-01 2.944033e-03 
1.428571e-01 2.851150e-03 
1.430357e-01 2.764210e-03 
1.432143e-01 2.652027e-03 
1.433929e-01 2.515174e-03 
1.435714e-01 2.324882e-03 
1.437500e-01 2.141856e-03 
1.439286e-01 1.936908e-03 
1.441071e-01 1.711111e-03 
1.442857e-01 1.440909e-03 
1.444643e-01 1.178479e-03 
1.446429e-01 8.991747e-04 
1.448214e-01 5.894642e-04 
1.450000e-01 2.262919e-04 
1.451786e-01 1.115393e-04 
1.453571e-01 4.584390e-04 
1.455357e-01 8.087384e-04 
1.457143e-01 1.161381e-03 
1.458929e-01 1.502956e-03 
1.460714e-01 1.840228e-03 
1.462500e-01 2.171792e-03 
1.464286e-01 2.490242e-03 
1.466071e-01 2.807822e-03 
1.467857e-01 3.118878e-03 
1.469643e-01 3.423453e-03 
1.471429e-01 3.714491e-03 
1.473214e-01 4.006979e-03 
1.475000e-01 4.293441e-03 
1.476786e-01 4.573965e-03 
1.478571e-01 4.841898e-03 
1.480357e-01 5.110506e-03 
1.482143e-01 5.372534e-03 
1.483929e-01 5.627610e-03 
1.485714e-01 5.867166e-03 
1.487500e-01 6.106162e-03 
1.489286e-01 6.336020e-03 
1.491071e-01 6.555913e-03 
1.492857e-01 6.753084e-03 
1.494643e-01 6.949195e-03 
1.496429e-01 7.132144e-03 
1.498214e-01 7.300886e-03 
1.500000e-01 7.437374e-03 
1.501786e-01 7.573329e-03 
1.503571e-01 7.691752e-03 
1.505357e-01 7.791674e-03 
1.507143e-01 7.850102e-03 
1.508929e-01 7.909357e-03 
1.510714e-01 7.947504e-03 
1.512500e-01 7.963903e-03 
1.514286e-01 7.932188e-03 
1.516071e-01 7.903085e-03 
1.517857e-01 7.850950e-03 
1.519643e-01 7.775634e-03 
1.521429e-01 7.649751e-03 
1.523214e-01 7.528255e-03 
1.525000e-01 7.383913e-03 
1.526786e-01 7.217121e-03 
1.528571e-01 7.002106e-03 
1.530357e-01 6.792887e-03 
1.532143e-01 6.563168e-03 
1.533929e-01 6.313854e-03 
1.535714e-01 6.023271e-03 
1.537500e-01 5.739489e-03 
1.539286e-01 5.439621e-03 
1.541071e-01 5.124953e-03 
1.542857e-01 4.779968e-03 
1.544643e-01 4.441578e-03 
1.546429e-01 4.092553e-03 
1.548214e-01 3.734422e-03 
1.550000e-01 3.358752e-03 
1.551786e-01 2.989153e-03 
1.553571e-01 2.615124e-03 
1.555357e-01 2.238305e-03 
1.557143e-01 1.857880e-03 
1.558929e-01 1.482470e-03 
1.560714e-01 1.109002e-03 
1.562500e-01 7.391037e-04 
1.564286e-01 3.794410e-04 
1.566071e-01 2.334019e-05 
1.567857e-01 3.248571e-04 
1.569643e-01 6.637467e-04 
1.571429e-01 9.801712e-04 
1.573214e-01 1.294817e-03 
1.575000e-01 1.596620e-03 
1.576786e-01 1.884469e-03 
1.578571e-01 2.140126e-03 
1.580357e-01 2.395761e-03 
1.582143e-01 2.634901e-03 
1.583929e-01 2.856789e-03 
1.585714e-01 3.039785e-03 
1.587500e-01 3.224372e-03 
1.589286e-01 3.390276e-03 
1.591071e-01 3.537112e-03 
1.592857e-01 3.641644e-03 
1.594643e-01 3.749122e-03 
1.596429e-01 3.837226e-03 
1.598214e-01 3.905940e-03 
1.600000e-01 3.932197e-03 
1.601786e-01 3.962399e-03 
1.603571e-01 3.973950e-03 
1.605357e-01 3.967163e-03 
1.607143e-01 3.920730e-03 
1.608929e-01 3.878838e-03 
1.610714e-01 3.820240e-03 
1.612500e-01 3.745519e-03 
1.614286e-01 3.636430e-03 
1.616071e-01 3.532067e-03 
1.617857e-01 3.413899e-03 
1.619643e-01 3.282710e-03 
1.621429e-01 3.124274e-03 
1.623214e-01 2.970359e-03 
1.625000e-01 2.806197e-03 
1.626786e-01 2.632692e-03 
1.628571e-01 2.440220e-03 
1.630357e-01 2.251731e-03 
1.632143e-01 2.056894e-03 
1.633929e-01 1.856656e-03 
1.635714e-01 1.646208e-03 
1.637500e-01 1.438940e-03 
1.639286e-01 1.229265e-03 
1.641071e-01 1.018105e-03 
1.642857e-01 8.053340e-04 
1.644643e-01 5.947585e-04 
1.646429e-01 3.854968e-04 
1.648214e-01 1.783818e-04 
1.650000e-01 2.244581e-05 
1.651786e-01 2.221615e-04 
1.653571e-01 4.172838e-04 
1.655357e-01 6.071145e-04 
1.657143e-01 7.838949e-04 
1.658929e-01 9.606665e-04 
1.660714e-01 1.130170e-03 
1.662500e-01 1.291875e-03 
1.664286e-01 1.435213e-03 
1.666071e-01 1.579595e-03 
1.667857e-01 1.714746e-03 
1.669643e-01 1.840323e-03 
1.671429e-01 1.943847e-03 
1.673214e-01 2.049358e-03 
1.675000e-01 2.144439e-03 
1.676786e-01 2.228940e-03 
1.678571e-01 2.289400e-03 
1.680357e-01 2.352641e-03 
1.682143e-01 2.405020e-03 
1.683929e-01 2.446572e-03 
1.685714e-01 2.463760e-03 
1.687500e-01 2.484338e-03 
1.689286e-01 2.494342e-03 
1.691071e-01 2.493980e-03 
1.692857e-01 2.470453e-03 
1.694643e-01 2.450725e-03 
1.696429e-01 2.421351e-03 
1.698214e-01 2.382683e-03 
1.700000e-01 2.323368e-03 
1.701786e-01 2.268059e-03 
1.703571e-01 2.204562e-03 
1.705357e-01 2.133341e-03 
1.707143e-01 2.045043e-03 
1.708929e-01 1.960764e-03 
1.710714e-01 1.870148e-03 
1.712500e-01 1.773739e-03 
1.714286e-01 1.664565e-03 
1.716071e-01 1.559245e-03 
1.717857e-01 1.449687e-03 
1.719643e-01 1.336479e-03 
1.721429e-01 1.215229e-03 
1.723214e-01 1.097517e-03 
1.725000e-01 9.777659e-04 
1.726786e-01 8.565655e-04 
1.728571e-01 7.321358e-04 
1.730357e-01 6.108107e-04 
1.732143e-01 4.895996e-04 
1.733929e-01 3.690618e-04 
1.735714e-01 2.498870e-04 
1.737500e-01 1.333038e-04 
1.739286e-01 1.881152e-05 
1.741071e-01 9.309099e-05 
1.742857e-01 1.995305e-04 
1.744643e-01 3.039330e-04 
1.746429e-01 4.045559e-04 
1.748214e-01 5.009854e-04 
1.750000e-01 5.885700e-04 
1.751786e-01 6.746760e-04 
1.753571e-01 7.556891e-04 
1.755357e-01 8.312991e-04 
1.757143e-01 8.955684e-04 
1.758929e-01 9.588853e-04 
1.760714e-01 1.016231e-03 
1.762500e-01 1.067409e-03 
1.764286e-01 1.105740e-03 
1.766071e-01 1.143581e-03 
1.767857e-01 1.175036e-03 
1.769643e-01 1.200025e-03 
1.771429e-01 1.211687e-03 
1.773214e-01 1.223231e-03 
1.775000e-01 1.228436e-03 
1.776786e-01 1.227335e-03 
1.778571e-01 1.213420e-03 
1.780357e-01 1.199651e-03 
1.782143e-01 1.180020e-03 
1.783929e-01 1.154663e-03 
1.785714e-01 1.117908e-03 
1.787500e-01 1.081444e-03 
1.789286e-01 1.039969e-03 
1.791071e-01 9.937044e-04 
1.792857e-01 9.382176e-04 
1.794643e-01 8.830422e-04 
1.796429e-01 8.240068e-04 
1.798214e-01 7.613930e-04 
1.800000e-01 6.923058e-04 
1.801786e-01 6.234362e-04 
1.803571e-01 5.520619e-04 
1.805357e-01 4.785027e-04 
1.807143e-01 4.015809e-04 
1.808929e-01 3.246789e-04 
1.810714e-01 2.467328e-04 
1.812500e-01 1.680756e-04 
1.814286e-01 8.930547e-05 
1.816071e-01 1.027313e-05 
1.817857e-01 6.833788e-05 
1.819643e-01 1.462062e-04 
1.821429e-01 2.210173e-04 
1.823214e-01 2.964335e-04 
1.825000e-01 3.700534e-04 
1.826786e-01 4.415899e-04 
1.828571e-01 4.214751e-04 
1.830357e-01 4.057300e-04 
1.832143e-01 4.021158e-04 
1.833929e-01 4.179552e-04 
1.835714e-01 4.803448e-04 
1.837500e-01 5.478461e-04 
1.839286e-01 6.352442e-04 
1.841071e-01 7.403502e-04 
1.842857e-01 8.783212e-04 
1.844643e-01 1.003426e-03 
1.846429e-01 1.108781e-03 
1.848214e-01 1.200580e-03 
1.850000e-01 1.267138e-03 
1.851786e-01 1.347639e-03 
1.853571e-01 1.420425e-03 
1.855357e-01 1.485795e-03 
1.857143e-01 1.532907e-03 
1.858929e-01 1.580470e-03 
1.860714e-01 1.616339e-03 
1.862500e-01 1.614837e-03 
1.864286e-01 1.549466e-03 
1.866071e-01 1.501201e-03 
1.867857e-01 1.442573e-03 
1.869643e-01 1.375621e-03 
1.871429e-01 1.290938e-03 
1.873214e-01 1.211744e-03 
1.875000e-01 1.110663e-03 
1.876786e-01 9.934529e-04 
1.878571e-01 8.464709e-04 
1.880357e-01 7.164184e-04 
1.882143e-01 5.810002e-04 
1.883929e-01 4.426761e-04 
1.885714e-01 2.995639e-04 
1.887500e-01 1.349524e-04 
1.889286e-01 3.136661e-05 
1.891071e-01 1.945456e-04 
1.892857e-01 3.467218e-04 
1.894643e-01 4.892981e-04 
1.896429e-01 6.219866e-04 
1.898214e-01 7.580399e-04 
1.900000e-01 8.894526e-04 
1.901786e-01 1.011157e-03 
1.903571e-01 1.118301e-03 
1.905357e-01 1.209352e-03 
1.907143e-01 1.282857e-03 
1.908929e-01 1.359330e-03 
1.910714e-01 1.419764e-03 
1.912500e-01 1.462859e-03 
1.914286e-01 1.468072e-03 
1.916071e-01 1.492271e-03 
1.917857e-01 1.502414e-03 
1.919643e-01 1.497157e-03 
1.921429e-01 1.458201e-03 
1.923214e-01 1.434095e-03 
1.925000e-01 1.397534e-03 
1.926786e-01 1.347765e-03 
1.928571e-01 1.279185e-03 
1.930357e-01 1.214179e-03 
1.932143e-01 1.142048e-03 
1.933929e-01 1.061785e-03 
1.935714e-01 9.682003e-04 
1.937500e-01 8.756705e-04 
1.939286e-01 7.797632e-04 
1.941071e-01 6.810615e-04 
1.942857e-01 5.778991e-04 
1.944643e-01 4.765892e-04 
1.946429e-01 3.751604e-04 
1.948214e-01 2.745230e-04 
1.950000e-01 1.775372e-04 
1.951786e-01 8.215149e-05 
1.953571e-01 9.618209e-06 
1.955357e-01 9.692554e-05 
1.957143e-01 1.727288e-04 
1.958929e-01 2.480535e-04 
1.960714e-01 3.166987e-04 
1.962500e-01 3.780674e-04 
1.964286e-01 4.221625e-04 
1.966071e-01 4.670966e-04 
1.967857e-01 5.034428e-04 
1.969643e-01 5.309125e-04 
1.971429e-01 5.380582e-04 
1.973214e-01 5.471550e-04 
1.975000e-01 5.469567e-04 
1.976786e-01 5.374681e-04 
1.978571e-01 5.071857e-04 
1.980357e-01 4.797391e-04 
1.982143e-01 4.434718e-04 
1.983929e-01 3.986508e-04 
1.985714e-01 3.350231e-04 
1.987500e-01 2.746848e-04 
1.989286e-01 2.068932e-04 
1.991071e-01 1.320888e-04 
1.992857e-01 4.211245e-05 
1.994643e-01 4.452631e-05 
1.996429e-01 1.367006e-04 
1.998214e-01 2.338747e-04 
2.000000e-01 3.416502e-04 
2.001786e-01 4.463396e-04 
2.003571e-01 5.543820e-04 
2.005357e-01 6.652088e-04 
2.007143e-01 7.817025e-04 
2.008929e-01 8.955626e-04 
2.010714e-01 1.010551e-03 
2.012500e-01 1.126114e-03 
2.014286e-01 1.242485e-03 
2.016071e-01 1.356795e-03 
2.017857e-01 1.470134e-03 
2.019643e-01 1.582003e-03 
2.021429e-01 1.690221e-03 
2.023214e-01 1.797008e-03 
2.025000e-01 1.900979e-03 
2.026786e-01 2.001593e-03 
2.028571e-01 2.094308e-03 
2.030357e-01 2.186029e-03 
2.032143e-01 2.273228e-03 
2.033929e-01 2.355609e-03 
2.035714e-01 2.427251e-03 
2.037500e-01 2.500558e-03 
2.039286e-01 2.569271e-03 
2.041071e-01 2.632504e-03 
2.042857e-01 2.683014e-03 
2.044643e-01 2.732978e-03 
2.046429e-01 2.776522e-03 
2.048214e-01 2.813507e-03 
2.050000e-01 2.836401e-03 
2.051786e-01 2.860765e-03 
2.053571e-01 2.878952e-03 
2.055357e-01 2.891012e-03 
2.057143e-01 2.889646e-03 
2.058929e-01 2.889608e-03 
2.060714e-01 2.883594e-03 
2.062500e-01 2.871670e-03 
2.064286e-01 2.846793e-03 
2.066071e-01 2.823332e-03 
2.067857e-01 2.794210e-03 
2.069643e-01 2.759526e-03 
2.071429e-01 2.712673e-03 
2.073214e-01 2.667311e-03 
2.075000e-01 2.616751e-03 
2.076786e-01 2.561135e-03 
2.078571e-01 2.494491e-03 
2.080357e-01 2.429395e-03 
2.082143e-01 2.359742e-03 
2.083929e-01 2.285721e-03 
2.085714e-01 2.202236e-03 
2.087500e-01 2.120328e-03 
2.089286e-01 2.034703e-03 
2.091071e-01 1.945601e-03 
2.092857e-01 1.849045e-03 
2.094643e-01 1.754050e-03 
2.096429e-01 1.656371e-03 
2.098214e-01 1.556293e-03 
2.100000e-01 1.451172e-03 
2.101786e-01 1.347528e-03 
2.103571e-01 1.242384e-03 
2.105357e-01 1.136052e-03 
2.107143e-01 1.027366e-03 
2.108929e-01 9.199869e-04 
2.110714e-01 8.123676e-04 
2.112500e-01 7.048257e-04 
2.114286e-01 5.977025e-04 
2.116071e-01 4.916403e-04 
2.117857e-01 3.865774e-04 
2.119643e-01 2.828141e-04 
2.121429e-01 1.821175e-04 
2.123214e-01 8.217291e-05 
2.125000e-01 1.564631e-05 
2.126786e-01 1.110801e-04 
2.128571e-01 2.011264e-04 
2.130357e-01 2.907640e-04 
2.132143e-01 3.773458e-04 
2.133929e-01 4.606694e-04 
2.135714e-01 5.367731e-04 
2.137500e-01 6.128144e-04 
2.139286e-01 6.851232e-04 
2.141071e-01 7.535657e-04 
2.142857e-01 8.135480e-04 
2.144643e-01 8.737866e-04 
2.146429e-01 9.299000e-04 
2.148214e-01 9.818258e-04 
2.150000e-01 1.024683e-03 
2.151786e-01 1.068063e-03 
2.153571e-01 1.107210e-03 
2.155357e-01 1.142129e-03 
2.157143e-01 1.167982e-03 
2.158929e-01 1.190604e-03 
2.160714e-01 1.206808e-03 
2.162500e-01 1.218404e-03 
2.164286e-01 1.221816e-03 
2.166071e-01 1.229221e-03 
2.167857e-01 1.234471e-03 
2.169643e-01 1.238013e-03 
2.171429e-01 1.238280e-03 
2.173214e-01 1.239189e-03 
2.175000e-01 1.238519e-03 
2.176786e-01 1.236196e-03 
2.178571e-01 1.230214e-03 
2.180357e-01 1.223968e-03 
2.182143e-01 1.215567e-03 
2.183929e-01 1.204852e-03 
2.185714e-01 1.188997e-03 
2.187500e-01 1.173039e-03 
2.189286e-01 1.154430e-03 
2.191071e-01 1.133108e-03 
2.192857e-01 1.105940e-03 
2.194643e-01 1.079133e-03 
2.196429e-01 1.049712e-03 
2.198214e-01 1.017762e-03 
2.200000e-01 9.805556e-04 
2.201786e-01 9.440851e-04 
2.203571e-01 9.055883e-04 
2.205357e-01 8.652672e-04 
2.207143e-01 8.213648e-04 
2.208929e-01 7.783525e-04 
2.210714e-01 7.342719e-04 
2.212500e-01 6.893850e-04 
2.214286e-01 6.431992e-04 
2.216071e-01 5.978290e-04 
2.217857e-01 5.524807e-04 
2.219643e-01 5.074177e-04 
2.221429e-01 4.634196e-04 
2.223214e-01 4.199945e-04 
2.225000e-01 3.775961e-04 
2.226786e-01 3.364431e-04 
2.228571e-01 2.983696e-04 
2.230357e-01 2.605860e-04 
2.232143e-01 2.246308e-04 
2.233929e-01 1.906200e-04 
2.235714e-01 1.611066e-04 
2.237500e-01 1.314839e-04 
2.239286e-01 1.041061e-04 
2.241071e-01 7.901937e-05 
2.242857e-01 5.905007e-05 
2.244643e-01 3.870150e-05 
2.246429e-01 2.067529e-05 
2.248214e-01 4.957281e-06 
2.250000e-01 5.741514e-06 
2.251786e-01 1.693501e-05 
2.253571e-01 2.602617e-05 
2.255357e-01 3.309207e-05 
2.257143e-01 3.582188e-05 
2.258929e-01 3.926082e-05 
2.260714e-01 4.101359e-05 
2.262500e-01 4.120425e-05 
2.264286e-01 3.806627e-05 
2.266071e-01 3.570142e-05 
2.267857e-01 3.222090e-05 
2.269643e-01 2.776956e-05 
2.271429e-01 2.129142e-05 
2.273214e-01 1.550423e-05 
2.275000e-01 9.219955e-06 
2.276786e-01 2.582105e-06 
2.278571e-01 4.734803e-06 
2.280357e-01 1.152354e-05 
2.282143e-01 1.822669e-05 
2.283929e-01 2.471977e-05 
2.285714e-01 3.045032e-05 
2.287500e-01 3.624322e-05 
2.289286e-01 4.142807e-05 
2.291071e-01 4.591868e-05 
2.292857e-01 4.861063e-05 
2.294643e-01 5.144818e-05 
2.296429e-01 5.367248e-05 
2.298214e-01 5.579249e-05 
2.300000e-01 5.802434e-05 
2.301786e-01 6.038262e-05 
2.303571e-01 6.213546e-05 
2.305357e-01 6.303700e-05 
2.307143e-01 6.140471e-05 
2.308929e-01 5.930806e-05 
2.310714e-01 5.510732e-05 
2.312500e-01 4.845495e-05 
2.314286e-01 3.575526e-05 
2.316071e-01 2.316288e-05 
2.317857e-01 7.664562e-06 
2.319643e-01 1.063680e-05 
2.321429e-01 3.504993e-05 
2.323214e-01 5.783347e-05 
2.325000e-01 8.238134e-05 
2.326786e-01 1.082395e-04 
2.328571e-01 1.365779e-04 
2.330357e-01 1.628822e-04 
2.332143e-01 1.889861e-04 
2.333929e-01 2.144199e-04 
2.335714e-01 2.380977e-04 
2.337500e-01 2.603409e-04 
2.339286e-01 2.808362e-04 
2.341071e-01 2.993095e-04 
2.342857e-01 3.132578e-04 
2.344643e-01 3.265360e-04 
2.346429e-01 3.373721e-04 
2.348214e-01 3.458015e-04 
2.350000e-01 3.494571e-04 
2.351786e-01 3.534321e-04 
2.353571e-01 3.555172e-04 
2.355357e-01 3.559412e-04 
2.357143e-01 3.534778e-04 
2.358929e-01 3.515996e-04 
2.360714e-01 3.489558e-04 
2.362500e-01 3.458405e-04 
2.364286e-01 3.425189e-04 
2.366071e-01 3.395674e-04 
2.367857e-01 3.370055e-04 
2.369643e-01 3.350733e-04 
2.371429e-01 3.352677e-04 
2.373214e-01 3.353433e-04 
2.375000e-01 3.365988e-04 
2.376786e-01 3.391511e-04 
2.378571e-01 3.390588e-04 
2.380357e-01 3.386758e-04 
2.382143e-01 3.400822e-04 
2.383929e-01 3.441497e-04 
2.385714e-01 3.551537e-04 
2.387500e-01 3.660066e-04 
2.389286e-01 3.797577e-04 
2.391071e-01 3.962084e-04 
2.392857e-01 4.185858e-04 
2.394643e-01 4.386874e-04 
2.396429e-01 4.600644e-04 
2.398214e-01 4.821910e-04 
2.400000e-01 5.057267e-04 
2.401786e-01 5.269269e-04 
2.403571e-01 5.473015e-04 
2.405357e-01 5.663805e-04 
2.407143e-01 5.825626e-04 
2.408929e-01 5.971708e-04 
2.410714e-01 6.094379e-04 
2.412500e-01 6.191023e-04 
2.414286e-01 6.233298e-04 
2.416071e-01 6.268613e-04 
2.417857e-01 6.274501e-04 
2.419643e-01 6.250598e-04 
2.421429e-01 6.167257e-04 
2.423214e-01 6.083485e-04 
2.425000e-01 6.025570e-04 
2.426786e-01 6.016749e-04 
2.428571e-01 6.046453e-04 
2.430357e-01 5.972212e-04 
2.432143e-01 5.863115e-04 
2.433929e-01 5.704376e-04 
2.435714e-01 5.433310e-04 
2.437500e-01 5.149491e-04 
2.439286e-01 4.815856e-04 
2.441071e-01 4.436898e-04 
2.442857e-01 3.974852e-04 
2.444643e-01 3.535710e-04 
2.446429e-01 3.079404e-04 
2.448214e-01 2.615662e-04 
2.450000e-01 2.155743e-04 
2.451786e-01 1.716608e-04 
2.453571e-01 1.298660e-04 
2.455357e-01 9.098993e-05 
2.457143e-01 6.015053e-05 
2.458929e-01 2.977923e-05 
2.460714e-01 4.047968e-06 
2.462500e-01 1.667100e-05 
2.464286e-01 2.537688e-05 
2.466071e-01 3.531571e-05 
2.467857e-01 3.990076e-05 
2.469643e-01 3.919240e-05 
2.471429e-01 2.642102e-05 
2.473214e-01 1.607386e-05 
2.475000e-01 1.218650e-06 
2.476786e-01 1.776753e-05 
2.478571e-01 4.588003e-05 
2.480357e-01 7.105418e-05 
2.482143e-01 9.889473e-05 
2.483929e-01 1.288620e-04 
2.485714e-01 1.633843e-04 
2.487500e-01 1.950589e-04 
2.489286e-01 2.271776e-04 
2.491071e-01 2.591818e-04 
2.492857e-01 2.908377e-04 
2.494643e-01 3.201604e-04 
2.496429e-01 3.478446e-04 
2.498214e-01 3.734223e-04 
2.500000e-01 3.944310e-04 
2.501786e-01 4.138372e-04 
2.503571e-01 4.300234e-04 
2.505357e-01 4.426778e-04 
2.507143e-01 4.478641e-04 
2.508929e-01 4.522108e-04 
2.510714e-01 4.524459e-04 
2.512500e-01 4.484400e-04 
2.514286e-01 4.356607e-04 
2.516071e-01 4.226990e-04 
2.517857e-01 4.054629e-04 
2.519643e-01 3.839974e-04 
2.521429e-01 3.540156e-04 
2.523214e-01 3.243186e-04 
2.525000e-01 2.908356e-04 
2.526786e-01 2.537553e-04 
2.528571e-01 2.097292e-04 
2.530357e-01 1.662295e-04 
2.532143e-01 1.199317e-04 
2.533929e-01 7.112389e-05 
2.535714e-01 1.787525e-05 
2.537500e-01 3.482547e-05 
2.539286e-01 8.902573e-05 
2.541071e-01 1.443868e-04 
2.542857e-01 2.011765e-04 
2.544643e-01 2.575836e-04 
2.546429e-01 3.140739e-04 
2.548214e-01 3.703043e-04 
2.550000e-01 4.248575e-04 
2.551786e-01 4.793295e-04 
2.553571e-01 5.325246e-04 
2.555357e-01 5.841407e-04 
2.557143e-01 6.312321e-04 
2.558929e-01 6.786291e-04 
2.560714e-01 7.235839e-04 
2.562500e-01 7.658436e-04 
2.564286e-01 8.012637e-04 
2.566071e-01 8.373812e-04 
2.567857e-01 8.701768e-04 
2.569643e-01 8.994930e-04 
2.571429e-01 9.203443e-04 
2.573214e-01 9.422901e-04 
2.575000e-01 9.603830e-04 
2.576786e-01 9.745399e-04 
2.578571e-01 9.793923e-04 
2.580357e-01 9.856462e-04 
2.582143e-01 9.878623e-04 
2.583929e-01 9.860566e-04 
2.585714e-01 9.748580e-04 
2.587500e-01 9.653101e-04 
2.589286e-01 9.518742e-04 
2.591071e-01 9.346291e-04 
2.592857e-01 9.086042e-04 
2.594643e-01 8.843560e-04 
2.596429e-01 8.566463e-04 
2.598214e-01 8.256289e-04 
2.600000e-01 7.870003e-04 
2.601786e-01 7.502017e-04 
2.603571e-01 7.105894e-04 
2.605357e-01 6.683486e-04 
2.607143e-01 6.200848e-04 
2.608929e-01 5.735867e-04 
2.610714e-01 5.250599e-04 
2.612500e-01 4.747291e-04 
2.614286e-01 4.202061e-04 
2.616071e-01 3.673301e-04 
2.617857e-01 3.132848e-04 
2.619643e-01 2.582882e-04 
2.621429e-01 2.010172e-04 
2.623214e-01 1.451958e-04 
2.625000e-01 8.905824e-05 
2.626786e-01 3.282419e-05 
2.628571e-01 2.382558e-05 
2.630357e-01 7.924172e-05 
2.632143e-01 1.341731e-04 
2.633929e-01 1.884300e-04 
2.635714e-01 2.414128e-04 
2.637500e-01 2.934105e-04 
2.639286e-01 3.442279e-04 
2.641071e-01 3.937020e-04 
2.642857e-01 4.404628e-04 
2.644643e-01 4.864856e-04 
2.646429e-01 5.307661e-04 
2.648214e-01 5.731780e-04 
2.650000e-01 6.117584e-04 
2.651786e-01 6.498338e-04 
2.653571e-01 6.857583e-04 
2.655357e-01 7.194455e-04 
2.657143e-01 7.485297e-04 
2.658929e-01 7.773157e-04 
2.660714e-01 8.040789e-04 
2.662500e-01 8.287639e-04 
2.664286e-01 8.491367e-04 
2.666071e-01 8.691013e-04 
2.667857e-01 8.866258e-04 
2.669643e-01 9.045544e-04 
2.671429e-01 9.296247e-04 
2.673214e-01 9.544606e-04 
2.675000e-01 9.771542e-04 
2.676786e-01 9.977535e-04 
2.678571e-01 1.014101e-03 
2.680357e-01 1.028506e-03 
2.682143e-01 1.039372e-03 
2.683929e-01 1.046228e-03 
2.685714e-01 1.044047e-03 
2.687500e-01 1.041250e-03 
2.689286e-01 1.033821e-03 
2.691071e-01 1.021718e-03 
2.692857e-01 9.998924e-04 
2.694643e-01 9.789629e-04 
2.696429e-01 9.540266e-04 
2.698214e-01 9.253162e-04 
2.700000e-01 8.890015e-04 
2.701786e-01 8.537945e-04 
2.703571e-01 8.157233e-04 
2.705357e-01 7.751480e-04 
2.707143e-01 7.298718e-04 
2.708929e-01 6.856975e-04 
2.710714e-01 6.389087e-04 
2.712500e-01 5.836087e-04 
2.714286e-01 5.137461e-04 
2.716071e-01 4.534832e-04 
2.717857e-01 3.947202e-04 
2.719643e-01 3.402666e-04 
2.721429e-01 2.978252e-04 
2.723214e-01 2.549793e-04 
2.725000e-01 2.165749e-04 
2.726786e-01 1.831550e-04 
2.728571e-01 1.610851e-04 
2.730357e-01 1.376736e-04 
2.732143e-01 1.170282e-04 
2.733929e-01 9.820471e-05 
2.735714e-01 8.276112e-05 
2.737500e-01 6.491657e-05 
2.739286e-01 4.642097e-05 
2.741071e-01 2.661623e-05 
2.742857e-01 3.851898e-06 
2.744643e-01 1.951073e-05 
2.746429e-01 4.510246e-05 
2.748214e-01 7.315025e-05 
2.750000e-01 1.060998e-04 
2.751786e-01 1.392492e-04 
2.753571e-01 1.747385e-04 
2.755357e-01 2.116532e-04 
2.757143e-01 2.516728e-04 
2.758929e-01 2.906073e-04 
2.760714e-01 3.296371e-04 
2.762500e-01 3.685866e-04 
2.764286e-01 4.071619e-04 
2.766071e-01 4.447333e-04 
2.767857e-01 4.811835e-04 
2.769643e-01 5.164544e-04 
2.771429e-01 5.478707e-04 
2.773214e-01 5.787340e-04 
2.775000e-01 6.072187e-04 
2.776786e-01 6.330669e-04 
2.778571e-01 6.526322e-04 
2.780357e-01 6.722718e-04 
2.782143e-01 6.886251e-04 
2.783929e-01 7.015311e-04 
2.785714e-01 7.065453e-04 
2.787500e-01 7.121060e-04 
2.789286e-01 7.139542e-04 
2.791071e-01 7.120661e-04 
2.792857e-01 7.018608e-04 
2.794643e-01 6.926382e-04 
2.796429e-01 6.798406e-04 
2.798214e-01 6.635799e-04 
2.800000e-01 6.397992e-04 
2.801786e-01 6.172902e-04 
2.803571e-01 5.918467e-04 
2.805357e-01 5.636878e-04 
2.807143e-01 5.297998e-04 
2.808929e-01 4.972791e-04 
2.810714e-01 4.628200e-04 
2.812500e-01 4.267051e-04 
2.814286e-01 3.872738e-04 
2.816071e-01 3.491148e-04 
2.817857e-01 3.101841e-04 
2.819643e-01 2.707809e-04 
2.821429e-01 2.306803e-04 
2.823214e-01 1.916045e-04 
2.825000e-01 1.529119e-04 
2.826786e-01 1.148769e-04 
2.828571e-01 7.858992e-05 
2.830357e-01 4.298284e-05 
2.832143e-01 8.751575e-06 
2.833929e-01 2.388672e-05 
2.835714e-01 5.276231e-05 
2.837500e-01 8.130608e-05 
2.839286e-01 1.077232e-04 
2.841071e-01 1.318790e-04 
2.842857e-01 1.509570e-04 
2.844643e-01 1.701349e-04 
2.846429e-01 1.868243e-04 
2.848214e-01 2.009767e-04 
2.850000e-01 2.095493e-04 
2.851786e-01 2.185093e-04 
2.853571e-01 2.249307e-04 
2.855357e-01 2.288352e-04 
2.857143e-01 2.272902e-04 
2.858929e-01 2.263075e-04 
2.860714e-01 2.229795e-04 
2.862500e-01 2.173851e-04 
2.864286e-01 2.069642e-04 
2.866071e-01 1.972321e-04 
2.867857e-01 1.855786e-04 
2.869643e-01 1.721314e-04 
2.871429e-01 1.549522e-04 
2.873214e-01 1.384905e-04 
2.875000e-01 1.206896e-04 
2.876786e-01 1.017063e-04 
2.878571e-01 8.036352e-05 
2.880357e-01 5.968474e-05 
2.882143e-01 3.833049e-05 
2.883929e-01 1.646792e-05 
2.885714e-01 6.267779e-06 
2.887500e-01 2.869471e-05 
2.889286e-01 5.294430e-05 
2.891071e-01 7.786508e-05 
2.892857e-01 1.030653e-04 
2.894643e-01 1.259066e-04 
2.896429e-01 1.476269e-04 
2.898214e-01 1.678474e-04 
2.900000e-01 1.844363e-04 
2.901786e-01 2.007412e-04 
2.903571e-01 2.151839e-04 
2.905357e-01 2.277299e-04 
2.907143e-01 2.361320e-04 
2.908929e-01 2.450012e-04 
2.910714e-01 2.521530e-04 
2.912500e-01 2.576661e-04 
2.914286e-01 2.597016e-04 
2.916071e-01 2.623246e-04 
2.917857e-01 2.635888e-04 
2.919643e-01 2.635788e-04 
2.921429e-01 2.608769e-04 
2.923214e-01 2.586487e-04 
2.925000e-01 2.553530e-04 
2.926786e-01 2.510446e-04 
2.928571e-01 2.445722e-04 
2.930357e-01 2.384272e-04 
2.932143e-01 2.313746e-04 
2.933929e-01 2.234396e-04 
2.935714e-01 2.135905e-04 
2.937500e-01 2.039725e-04 
2.939286e-01 1.935127e-04 
2.941071e-01 1.822222e-04 
2.942857e-01 1.691181e-04 
2.944643e-01 1.562136e-04 
2.946429e-01 1.425085e-04 
2.948214e-01 1.280168e-04 
2.950000e-01 1.118182e-04 
2.951786e-01 9.583505e-05 
2.953571e-01 7.913014e-05 
2.955357e-01 6.173333e-05 
2.957143e-01 4.286174e-05 
2.958929e-01 2.424036e-05 
2.960714e-01 5.052253e-06 
2.962500e-01 1.465143e-05 
2.964286e-01 3.541320e-05 
2.966071e-01 5.589694e-05 
2.967857e-01 7.670612e-05 
2.969643e-01 9.776924e-05 
2.971429e-01 1.192901e-04 
2.973214e-01 1.405301e-04 
2.975000e-01 1.617817e-04 
2.976786e-01 1.829591e-04 
2.978571e-01 2.038577e-04 
2.980357e-01 2.245062e-04 
2.982143e-01 2.448102e-04 
2.983929e-01 2.646786e-04 
2.985714e-01 2.834720e-04 
2.987500e-01 3.020787e-04 
2.989286e-01 3.199809e-04 
2.991071e-01 3.370919e-04 
2.992857e-01 3.523638e-04 
2.994643e-01 3.675656e-04 
2.996429e-01 3.817566e-04 
2.998214e-01 3.948657e-04 
3.000000e-01 4.055114e-04 
3.001786e-01 4.161488e-04 
3.003571e-01 4.255008e-04 
3.005357e-01 4.335075e-04 
3.007143e-01 4.385003e-04 
3.008929e-01 4.435871e-04 
3.010714e-01 4.471956e-04 
3.012500e-01 4.492934e-04 
3.014286e-01 4.480589e-04 
3.016071e-01 4.470315e-04 
3.017857e-01 4.444548e-04 
3.019643e-01 4.403282e-04 
3.021429e-01 4.328313e-04 
3.023214e-01 4.256328e-04 
3.025000e-01 4.169391e-04 
3.026786e-01 4.067773e-04 
3.028571e-01 3.934654e-04 
3.030357e-01 3.805025e-04 
3.032143e-01 3.661999e-04 
3.033929e-01 3.506094e-04 
3.035714e-01 3.323031e-04 
3.037500e-01 3.143705e-04 
3.039286e-01 2.953458e-04 
3.041071e-01 2.752999e-04 
3.042857e-01 2.531524e-04 
3.044643e-01 2.313650e-04 
3.046429e-01 2.087941e-04 
3.048214e-01 1.855207e-04 
3.050000e-01 1.608617e-04 
3.051786e-01 1.365131e-04 
3.053571e-01 1.117141e-04 
3.055357e-01 8.654756e-05 
3.057143e-01 6.073599e-05 
3.058929e-01 3.515917e-05 
3.060714e-01 9.459218e-06 
3.062500e-01 1.628622e-05 
3.064286e-01 4.197234e-05 
3.066071e-01 6.751419e-05 
3.067857e-01 9.288292e-05 
3.069643e-01 1.180109e-04 
3.071429e-01 1.424602e-04 
3.073214e-01 1.668569e-04 
3.075000e-01 1.908244e-04 
3.076786e-01 2.143051e-04 
3.078571e-01 2.365677e-04 
3.080357e-01 2.588545e-04 
3.082143e-01 2.804924e-04 
3.083929e-01 3.014376e-04 
3.085714e-01 3.207356e-04 
3.087500e-01 3.401542e-04 
3.089286e-01 3.587699e-04 
3.091071e-01 3.765518e-04 
3.092857e-01 3.923880e-04 
3.094643e-01 4.084123e-04 
3.096429e-01 4.235195e-04 
3.098214e-01 4.376900e-04 
3.100000e-01 4.497012e-04 
3.101786e-01 4.619618e-04 
3.103571e-01 4.732473e-04 
3.105357e-01 4.835506e-04 
3.107143e-01 4.916053e-04 
3.108929e-01 4.999546e-04 
3.110714e-01 5.073133e-04 
3.112500e-01 5.136832e-04 
3.114286e-01 5.177977e-04 
3.116071e-01 5.222379e-04 
3.117857e-01 5.257055e-04 
3.119643e-01 5.282104e-04 
3.121429e-01 5.285235e-04 
3.123214e-01 5.291847e-04 
3.125000e-01 5.289220e-04 
3.126786e-01 5.277528e-04 
3.128571e-01 5.245213e-04 
3.130357e-01 5.216525e-04 
3.132143e-01 5.179372e-04 
3.133929e-01 5.134001e-04 
3.135714e-01 5.069915e-04 
3.137500e-01 5.009530e-04 
3.139286e-01 4.941717e-04 
3.141071e-01 4.866736e-04 
3.142857e-01 4.775227e-04 
3.144643e-01 4.687251e-04 
3.146429e-01 4.592988e-04 
3.148214e-01 4.492815e-04 
3.150000e-01 4.379136e-04 
3.151786e-01 4.269207e-04 
3.153571e-01 4.154594e-04 
3.155357e-01 4.035721e-04 
3.157143e-01 3.906947e-04 
3.158929e-01 3.781649e-04 
3.160714e-01 3.653260e-04 
3.162500e-01 3.522168e-04 
3.164286e-01 3.384500e-04 
3.166071e-01 3.249918e-04 
3.167857e-01 3.113650e-04 
3.169643e-01 2.976036e-04 
3.171429e-01 2.834734e-04 
3.173214e-01 2.696158e-04 
3.175000e-01 2.557121e-04 
3.176786e-01 2.417928e-04 
3.178571e-01 2.277582e-04 
3.180357e-01 2.139678e-04 
3.182143e-01 2.002411e-04 
3.183929e-01 1.866059e-04 
3.185714e-01 1.730852e-04 
3.187500e-01 1.597840e-04 
3.189286e-01 1.466469e-04 
3.191071e-01 1.336995e-04 
3.192857e-01 1.210758e-04 
3.194643e-01 1.086492e-04 
3.196429e-01 9.647696e-05 
3.198214e-01 8.458144e-05 
3.200000e-01 7.319468e-05 
3.201786e-01 6.198118e-05 
3.203571e-01 5.109832e-05 
3.205357e-01 4.056487e-05 
3.207143e-01 3.069079e-05 
3.208929e-01 2.096633e-05 
3.210714e-01 1.163064e-05 
3.212500e-01 2.696861e-06 
3.214286e-01 5.471133e-06 
3.216071e-01 1.351337e-05 
3.217857e-01 2.113159e-05 
3.219643e-01 2.831819e-05 
3.221429e-01 3.468504e-05 
3.223214e-01 4.094631e-05 
3.225000e-01 4.677269e-05 
3.226786e-01 5.216326e-05 
3.228571e-01 5.673420e-05 
3.230357e-01 6.121587e-05 
3.232143e-01 6.527627e-05 
3.233929e-01 6.891962e-05 
3.235714e-01 7.179468e-05 
3.237500e-01 7.458916e-05 
3.239286e-01 7.699662e-05 
3.241071e-01 7.902635e-05 
3.242857e-01 8.038042e-05 
3.244643e-01 8.165648e-05 
3.246429e-01 8.259579e-05 
3.248214e-01 8.321013e-05 
3.250000e-01 8.327062e-05 
3.251786e-01 8.324743e-05 
3.253571e-01 8.294666e-05 
3.255357e-01 8.238212e-05 
3.257143e-01 8.139936e-05 
3.258929e-01 8.032275e-05 
3.260714e-01 7.903096e-05 
3.262500e-01 7.753702e-05 
3.264286e-01 7.576158e-05 
3.266071e-01 7.387673e-05 
3.267857e-01 7.183582e-05 
3.269643e-01 6.965121e-05 
3.271429e-01 6.731058e-05 
3.273214e-01 6.484982e-05 
3.275000e-01 6.229244e-05 
3.276786e-01 5.964891e-05 
3.278571e-01 5.697465e-05 
3.280357e-01 5.415603e-05 
3.282143e-01 5.128287e-05 
3.283929e-01 4.836158e-05 
3.285714e-01 4.548524e-05 
3.287500e-01 4.244516e-05 
3.289286e-01 3.937562e-05 
3.291071e-01 3.627878e-05 
3.292857e-01 3.327006e-05 
3.294643e-01 3.008523e-05 
3.296429e-01 2.688543e-05 
3.298214e-01 2.367236e-05 
3.300000e-01 2.057531e-05 
3.301786e-01 1.729919e-05 
3.303571e-01 1.402140e-05 
3.305357e-01 1.074325e-05 
3.307143e-01 7.582142e-06 
3.308929e-01 4.089036e-06 
3.310714e-01 5.080866e-07 
3.312500e-01 3.162671e-06 
3.314286e-01 6.848425e-06 
3.316071e-01 1.061317e-05 
3.317857e-01 1.432376e-05 
3.319643e-01 1.793525e-05 
3.321429e-01 2.094617e-05 
3.323214e-01 2.381651e-05 
3.325000e-01 2.651371e-05 
3.326786e-01 2.911178e-05 
3.328571e-01 3.118739e-05 
3.330357e-01 3.333326e-05 
3.332143e-01 3.522795e-05 
3.333929e-01 3.686651e-05 
3.335714e-01 3.782353e-05 
3.337500e-01 3.906082e-05 
3.339286e-01 4.012053e-05 
3.341071e-01 4.103603e-05 
3.342857e-01 4.154667e-05 
3.344643e-01 4.236338e-05 
3.346429e-01 4.313347e-05 
3.348214e-01 4.388518e-05 
3.350000e-01 4.449282e-05 
3.351786e-01 4.534171e-05 
3.353571e-01 4.621690e-05 
3.355357e-01 4.712649e-05 
3.357143e-01 4.797926e-05 
3.358929e-01 4.899984e-05 
3.360714e-01 5.003413e-05 
3.362500e-01 5.107074e-05 
3.364286e-01 5.195717e-05 
3.366071e-01 5.296811e-05 
3.367857e-01 5.391596e-05 
3.369643e-01 5.477824e-05 
3.371429e-01 5.528713e-05 
3.373214e-01 5.591393e-05 
3.375000e-01 5.637358e-05 
3.376786e-01 5.664186e-05 
3.378571e-01 5.632718e-05 
3.380357e-01 5.615252e-05 
3.382143e-01 5.571485e-05 
3.383929e-01 5.471589e-05 
3.385714e-01 5.110209e-05 
3.387500e-01 4.836339e-05 
3.389286e-01 4.515014e-05 
3.391071e-01 4.178710e-05 
3.392857e-01 3.825521e-05 
3.394643e-01 3.543129e-05 
3.396429e-01 3.277223e-05 
3.398214e-01 3.031098e-05 
3.400000e-01 2.814140e-05 
3.401786e-01 2.603079e-05 
3.403571e-01 2.396835e-05 
3.405357e-01 2.189156e-05 
3.407143e-01 1.956370e-05 
3.408929e-01 1.719511e-05 
3.410714e-01 1.459264e-05 
3.412500e-01 1.169769e-05 
3.414286e-01 7.972667e-06 
3.416071e-01 4.326231e-06 
3.417857e-01 2.716970e-07 
3.419643e-01 4.215485e-06 
3.421429e-01 9.780104e-06 
3.423214e-01 1.512383e-05 
3.425000e-01 2.087887e-05 
3.426786e-01 2.701630e-05 
3.428571e-01 3.404780e-05 
3.430357e-01 4.073639e-05 
3.432143e-01 4.765259e-05 
3.433929e-01 5.473172e-05 
3.435714e-01 6.217751e-05 
3.437500e-01 6.924948e-05 
3.439286e-01 7.626101e-05 
3.441071e-01 8.313354e-05 
3.442857e-01 8.969424e-05 
3.444643e-01 9.592787e-05 
3.446429e-01 1.017970e-04 
3.448214e-01 1.072297e-04 
3.450000e-01 1.117072e-04 
3.451786e-01 1.159508e-04 
3.453571e-01 1.195705e-04 
3.455357e-01 1.225116e-04 
3.457143e-01 1.239898e-04 
3.458929e-01 1.233188e-04 
3.460714e-01 1.249267e-04 
3.462500e-01 1.228804e-04 
3.464286e-01 1.244425e-04 
3.466071e-01 1.231160e-04 
3.467857e-01 1.180603e-04 
3.469643e-01 1.158908e-04 
3.471429e-01 1.078486e-04 
3.473214e-01 1.049252e-04 
3.475000e-01 9.776272e-05 
3.476786e-01 8.833757e-05 
3.478571e-01 8.646703e-05 
3.480357e-01 7.543079e-05 
3.482143e-01 6.318189e-05 
