0.000000e+00 0.000000e+00 
1.785714e-04 0.000000e+00 
3.571429e-04 0.000000e+00 
5.357143e-04 0.000000e+00 
7.142857e-04 0.000000e+00 
8.928571e-04 0.000000e+00 
1.071429e-03 0.000000e+00 
1.250000e-03 0.000000e+00 
1.428571e-03 0.000000e+00 
1.607143e-03 0.000000e+00 
1.785714e-03 0.000000e+00 
1.964286e-03 0.000000e+00 
2.142857e-03 0.000000e+00 
2.321429e-03 0.000000e+00 
2.500000e-03 0.000000e+00 
2.678571e-03 0.000000e+00 
2.857143e-03 0.000000e+00 
3.035714e-03 0.000000e+00 
3.214286e-03 0.000000e+00 
3.392857e-03 0.000000e+00 
3.571429e-03 0.000000e+00 
3.750000e-03 0.000000e+00 
3.928571e-03 0.000000e+00 
4.107143e-03 0.000000e+00 
4.285714e-03 0.000000e+00 
4.464286e-03 0.000000e+00 
4.642857e-03 0.000000e+00 
4.821429e-03 0.000000e+00 
5.000000e-03 0.000000e+00 
5.178571e-03 0.000000e+00 
5.357143e-03 0.000000e+00 
5.535714e-03 0.000000e+00 
5.714286e-03 0.000000e+00 
5.892857e-03 0.000000e+00 
6.071429e-03 0.000000e+00 
6.250000e-03 0.000000e+00 
6.428571e-03 0.000000e+00 
6.607143e-03 0.000000e+00 
6.785714e-03 0.000000e+00 
6.964286e-03 0.000000e+00 
7.142857e-03 0.000000e+00 
7.321429e-03 0.000000e+00 
7.500000e-03 0.000000e+00 
7.678571e-03 0.000000e+00 
7.857143e-03 0.000000e+00 
8.035714e-03 0.000000e+00 
8.214286e-03 0.000000e+00 
8.392857e-03 0.000000e+00 
8.571429e-03 0.000000e+00 
8.750000e-03 0.000000e+00 
8.928571e-03 0.000000e+00 
9.107143e-03 0.000000e+00 
9.285714e-03 0.000000e+00 
9.464286e-03 0.000000e+00 
9.642857e-03 0.000000e+00 
9.821429e-03 0.000000e+00 
1.000000e-02 0.000000e+00 
1.017857e-02 0.000000e+00 
1.035714e-02 0.000000e+00 
1.053571e-02 0.000000e+00 
1.071429e-02 0.000000e+00 
1.089286e-02 0.000000e+00 
1.107143e-02 0.000000e+00 
1.125000e-02 0.000000e+00 
1.142857e-02 0.000000e+00 
1.160714e-02 0.000000e+00 
1.178571e-02 0.000000e+00 
1.196429e-02 0.000000e+00 
1.214286e-02 0.000000e+00 
1.232143e-02 0.000000e+00 
1.250000e-02 0.000000e+00 
1.267857e-02 0.000000e+00 
1.285714e-02 0.000000e+00 
1.303571e-02 0.000000e+00 
1.321429e-02 0.000000e+00 
1.339286e-02 0.000000e+00 
1.357143e-02 0.000000e+00 
1.375000e-02 0.000000e+00 
1.392857e-02 0.000000e+00 
1.410714e-02 0.000000e+00 
1.428571e-02 0.000000e+00 
1.446429e-02 0.000000e+00 
1.464286e-02 0.000000e+00 
1.482143e-02 0.000000e+00 
1.500000e-02 0.000000e+00 
1.517857e-02 0.000000e+00 
1.535714e-02 0.000000e+00 
1.553571e-02 0.000000e+00 
1.571429e-02 0.000000e+00 
1.589286e-02 0.000000e+00 
1.607143e-02 0.000000e+00 
1.625000e-02 0.000000e+00 
1.642857e-02 0.000000e+00 
1.660714e-02 0.000000e+00 
1.678571e-02 0.000000e+00 
1.696429e-02 0.000000e+00 
1.714286e-02 0.000000e+00 
1.732143e-02 0.000000e+00 
1.750000e-02 0.000000e+00 
1.767857e-02 0.000000e+00 
1.785714e-02 0.000000e+00 
1.803571e-02 0.000000e+00 
1.821429e-02 0.000000e+00 
1.839286e-02 0.000000e+00 
1.857143e-02 0.000000e+00 
1.875000e-02 0.000000e+00 
1.892857e-02 0.000000e+00 
1.910714e-02 0.000000e+00 
1.928571e-02 0.000000e+00 
1.946429e-02 0.000000e+00 
1.964286e-02 0.000000e+00 
1.982143e-02 0.000000e+00 
2.000000e-02 0.000000e+00 
2.017857e-02 0.000000e+00 
2.035714e-02 0.000000e+00 
2.053571e-02 0.000000e+00 
2.071429e-02 0.000000e+00 
2.089286e-02 0.000000e+00 
2.107143e-02 0.000000e+00 
2.125000e-02 0.000000e+00 
2.142857e-02 0.000000e+00 
2.160714e-02 0.000000e+00 
2.178571e-02 0.000000e+00 
2.196429e-02 0.000000e+00 
2.214286e-02 0.000000e+00 
2.232143e-02 0.000000e+00 
2.250000e-02 0.000000e+00 
2.267857e-02 0.000000e+00 
2.285714e-02 0.000000e+00 
2.303571e-02 0.000000e+00 
2.321429e-02 0.000000e+00 
2.339286e-02 0.000000e+00 
2.357143e-02 0.000000e+00 
2.375000e-02 0.000000e+00 
2.392857e-02 0.000000e+00 
2.410714e-02 0.000000e+00 
2.428571e-02 0.000000e+00 
2.446429e-02 0.000000e+00 
2.464286e-02 0.000000e+00 
2.482143e-02 0.000000e+00 
2.500000e-02 0.000000e+00 
2.517857e-02 0.000000e+00 
2.535714e-02 0.000000e+00 
2.553571e-02 0.000000e+00 
2.571429e-02 0.000000e+00 
2.589286e-02 0.000000e+00 
2.607143e-02 0.000000e+00 
2.625000e-02 0.000000e+00 
2.642857e-02 0.000000e+00 
2.660714e-02 0.000000e+00 
2.678571e-02 0.000000e+00 
2.696429e-02 0.000000e+00 
2.714286e-02 0.000000e+00 
2.732143e-02 0.000000e+00 
2.750000e-02 0.000000e+00 
2.767857e-02 0.000000e+00 
2.785714e-02 0.000000e+00 
2.803571e-02 0.000000e+00 
2.821429e-02 0.000000e+00 
2.839286e-02 0.000000e+00 
2.857143e-02 0.000000e+00 
2.875000e-02 0.000000e+00 
2.892857e-02 0.000000e+00 
2.910714e-02 0.000000e+00 
2.928571e-02 0.000000e+00 
2.946429e-02 0.000000e+00 
2.964286e-02 0.000000e+00 
2.982143e-02 0.000000e+00 
3.000000e-02 0.000000e+00 
3.017857e-02 0.000000e+00 
3.035714e-02 0.000000e+00 
3.053571e-02 0.000000e+00 
3.071429e-02 0.000000e+00 
3.089286e-02 0.000000e+00 
3.107143e-02 0.000000e+00 
3.125000e-02 0.000000e+00 
3.142857e-02 0.000000e+00 
3.160714e-02 0.000000e+00 
3.178571e-02 0.000000e+00 
3.196429e-02 0.000000e+00 
3.214286e-02 0.000000e+00 
3.232143e-02 0.000000e+00 
3.250000e-02 0.000000e+00 
3.267857e-02 0.000000e+00 
3.285714e-02 0.000000e+00 
3.303571e-02 0.000000e+00 
3.321429e-02 0.000000e+00 
3.339286e-02 0.000000e+00 
3.357143e-02 0.000000e+00 
3.375000e-02 0.000000e+00 
3.392857e-02 0.000000e+00 
3.410714e-02 0.000000e+00 
3.428571e-02 0.000000e+00 
3.446429e-02 0.000000e+00 
3.464286e-02 0.000000e+00 
3.482143e-02 0.000000e+00 
3.500000e-02 0.000000e+00 
3.517857e-02 0.000000e+00 
3.535714e-02 0.000000e+00 
3.553571e-02 0.000000e+00 
3.571429e-02 0.000000e+00 
3.589286e-02 0.000000e+00 
3.607143e-02 0.000000e+00 
3.625000e-02 0.000000e+00 
3.642857e-02 0.000000e+00 
3.660714e-02 0.000000e+00 
3.678571e-02 0.000000e+00 
3.696429e-02 0.000000e+00 
3.714286e-02 0.000000e+00 
3.732143e-02 0.000000e+00 
3.750000e-02 0.000000e+00 
3.767857e-02 0.000000e+00 
3.785714e-02 0.000000e+00 
3.803571e-02 0.000000e+00 
3.821429e-02 0.000000e+00 
3.839286e-02 0.000000e+00 
3.857143e-02 0.000000e+00 
3.875000e-02 0.000000e+00 
3.892857e-02 0.000000e+00 
3.910714e-02 0.000000e+00 
3.928571e-02 0.000000e+00 
3.946429e-02 0.000000e+00 
3.964286e-02 0.000000e+00 
3.982143e-02 0.000000e+00 
4.000000e-02 0.000000e+00 
4.017857e-02 0.000000e+00 
4.035714e-02 0.000000e+00 
4.053571e-02 0.000000e+00 
4.071429e-02 0.000000e+00 
4.089286e-02 0.000000e+00 
4.107143e-02 0.000000e+00 
4.125000e-02 0.000000e+00 
4.142857e-02 0.000000e+00 
4.160714e-02 0.000000e+00 
4.178571e-02 0.000000e+00 
4.196429e-02 0.000000e+00 
4.214286e-02 0.000000e+00 
4.232143e-02 0.000000e+00 
4.250000e-02 0.000000e+00 
4.267857e-02 0.000000e+00 
4.285714e-02 0.000000e+00 
4.303571e-02 0.000000e+00 
4.321429e-02 0.000000e+00 
4.339286e-02 0.000000e+00 
4.357143e-02 0.000000e+00 
4.375000e-02 0.000000e+00 
4.392857e-02 0.000000e+00 
4.410714e-02 0.000000e+00 
4.428571e-02 0.000000e+00 
4.446429e-02 0.000000e+00 
4.464286e-02 0.000000e+00 
4.482143e-02 0.000000e+00 
4.500000e-02 0.000000e+00 
4.517857e-02 0.000000e+00 
4.535714e-02 0.000000e+00 
4.553571e-02 0.000000e+00 
4.571429e-02 0.000000e+00 
4.589286e-02 0.000000e+00 
4.607143e-02 0.000000e+00 
4.625000e-02 0.000000e+00 
4.642857e-02 0.000000e+00 
4.660714e-02 0.000000e+00 
4.678571e-02 0.000000e+00 
4.696429e-02 0.000000e+00 
4.714286e-02 0.000000e+00 
4.732143e-02 0.000000e+00 
4.750000e-02 0.000000e+00 
4.767857e-02 0.000000e+00 
4.785714e-02 0.000000e+00 
4.803571e-02 0.000000e+00 
4.821429e-02 0.000000e+00 
4.839286e-02 0.000000e+00 
4.857143e-02 0.000000e+00 
4.875000e-02 0.000000e+00 
4.892857e-02 0.000000e+00 
4.910714e-02 0.000000e+00 
4.928571e-02 0.000000e+00 
4.946429e-02 0.000000e+00 
4.964286e-02 0.000000e+00 
4.982143e-02 0.000000e+00 
5.000000e-02 0.000000e+00 
5.017857e-02 0.000000e+00 
5.035714e-02 0.000000e+00 
5.053571e-02 0.000000e+00 
5.071429e-02 0.000000e+00 
5.089286e-02 0.000000e+00 
5.107143e-02 0.000000e+00 
5.125000e-02 0.000000e+00 
5.142857e-02 0.000000e+00 
5.160714e-02 0.000000e+00 
5.178571e-02 0.000000e+00 
5.196429e-02 0.000000e+00 
5.214286e-02 0.000000e+00 
5.232143e-02 0.000000e+00 
5.250000e-02 0.000000e+00 
5.267857e-02 0.000000e+00 
5.285714e-02 0.000000e+00 
5.303571e-02 0.000000e+00 
5.321429e-02 0.000000e+00 
5.339286e-02 0.000000e+00 
5.357143e-02 0.000000e+00 
5.375000e-02 0.000000e+00 
5.392857e-02 0.000000e+00 
5.410714e-02 0.000000e+00 
5.428571e-02 0.000000e+00 
5.446429e-02 0.000000e+00 
5.464286e-02 0.000000e+00 
5.482143e-02 0.000000e+00 
5.500000e-02 0.000000e+00 
5.517857e-02 0.000000e+00 
5.535714e-02 0.000000e+00 
5.553571e-02 0.000000e+00 
5.571429e-02 0.000000e+00 
5.589286e-02 0.000000e+00 
5.607143e-02 0.000000e+00 
5.625000e-02 0.000000e+00 
5.642857e-02 0.000000e+00 
5.660714e-02 0.000000e+00 
5.678571e-02 0.000000e+00 
5.696429e-02 0.000000e+00 
5.714286e-02 0.000000e+00 
5.732143e-02 0.000000e+00 
5.750000e-02 0.000000e+00 
5.767857e-02 0.000000e+00 
5.785714e-02 0.000000e+00 
5.803571e-02 0.000000e+00 
5.821429e-02 0.000000e+00 
5.839286e-02 0.000000e+00 
5.857143e-02 0.000000e+00 
5.875000e-02 0.000000e+00 
5.892857e-02 0.000000e+00 
5.910714e-02 0.000000e+00 
5.928571e-02 0.000000e+00 
5.946429e-02 0.000000e+00 
5.964286e-02 0.000000e+00 
5.982143e-02 0.000000e+00 
6.000000e-02 0.000000e+00 
6.017857e-02 0.000000e+00 
6.035714e-02 0.000000e+00 
6.053571e-02 0.000000e+00 
6.071429e-02 0.000000e+00 
6.089286e-02 0.000000e+00 
6.107143e-02 0.000000e+00 
6.125000e-02 0.000000e+00 
6.142857e-02 0.000000e+00 
6.160714e-02 0.000000e+00 
6.178571e-02 0.000000e+00 
6.196429e-02 0.000000e+00 
6.214286e-02 0.000000e+00 
6.232143e-02 0.000000e+00 
6.250000e-02 0.000000e+00 
6.267857e-02 0.000000e+00 
6.285714e-02 0.000000e+00 
6.303571e-02 0.000000e+00 
6.321429e-02 0.000000e+00 
6.339286e-02 0.000000e+00 
6.357143e-02 0.000000e+00 
6.375000e-02 0.000000e+00 
6.392857e-02 0.000000e+00 
6.410714e-02 0.000000e+00 
6.428571e-02 0.000000e+00 
6.446429e-02 0.000000e+00 
6.464286e-02 0.000000e+00 
6.482143e-02 0.000000e+00 
6.500000e-02 0.000000e+00 
6.517857e-02 0.000000e+00 
6.535714e-02 0.000000e+00 
6.553571e-02 0.000000e+00 
6.571429e-02 0.000000e+00 
6.589286e-02 0.000000e+00 
6.607143e-02 0.000000e+00 
6.625000e-02 0.000000e+00 
6.642857e-02 0.000000e+00 
6.660714e-02 0.000000e+00 
6.678571e-02 0.000000e+00 
6.696429e-02 0.000000e+00 
6.714286e-02 0.000000e+00 
6.732143e-02 0.000000e+00 
6.750000e-02 0.000000e+00 
6.767857e-02 0.000000e+00 
6.785714e-02 0.000000e+00 
6.803571e-02 0.000000e+00 
6.821429e-02 0.000000e+00 
6.839286e-02 0.000000e+00 
6.857143e-02 0.000000e+00 
6.875000e-02 0.000000e+00 
6.892857e-02 0.000000e+00 
6.910714e-02 0.000000e+00 
6.928571e-02 0.000000e+00 
6.946429e-02 0.000000e+00 
6.964286e-02 0.000000e+00 
6.982143e-02 0.000000e+00 
7.000000e-02 0.000000e+00 
7.017857e-02 0.000000e+00 
7.035714e-02 0.000000e+00 
7.053571e-02 0.000000e+00 
7.071429e-02 0.000000e+00 
7.089286e-02 0.000000e+00 
7.107143e-02 0.000000e+00 
7.125000e-02 0.000000e+00 
7.142857e-02 0.000000e+00 
7.160714e-02 0.000000e+00 
7.178571e-02 0.000000e+00 
7.196429e-02 0.000000e+00 
7.214286e-02 0.000000e+00 
7.232143e-02 0.000000e+00 
7.250000e-02 0.000000e+00 
7.267857e-02 0.000000e+00 
7.285714e-02 0.000000e+00 
7.303571e-02 0.000000e+00 
7.321429e-02 0.000000e+00 
7.339286e-02 0.000000e+00 
7.357143e-02 0.000000e+00 
7.375000e-02 0.000000e+00 
7.392857e-02 0.000000e+00 
7.410714e-02 0.000000e+00 
7.428571e-02 0.000000e+00 
7.446429e-02 0.000000e+00 
7.464286e-02 0.000000e+00 
7.482143e-02 0.000000e+00 
7.500000e-02 0.000000e+00 
7.517857e-02 0.000000e+00 
7.535714e-02 0.000000e+00 
7.553571e-02 0.000000e+00 
7.571429e-02 0.000000e+00 
7.589286e-02 0.000000e+00 
7.607143e-02 0.000000e+00 
7.625000e-02 0.000000e+00 
7.642857e-02 0.000000e+00 
7.660714e-02 0.000000e+00 
7.678571e-02 0.000000e+00 
7.696429e-02 0.000000e+00 
7.714286e-02 0.000000e+00 
7.732143e-02 0.000000e+00 
7.750000e-02 0.000000e+00 
7.767857e-02 0.000000e+00 
7.785714e-02 0.000000e+00 
7.803571e-02 0.000000e+00 
7.821429e-02 0.000000e+00 
7.839286e-02 0.000000e+00 
7.857143e-02 0.000000e+00 
7.875000e-02 0.000000e+00 
7.892857e-02 0.000000e+00 
7.910714e-02 0.000000e+00 
7.928571e-02 0.000000e+00 
7.946429e-02 0.000000e+00 
7.964286e-02 0.000000e+00 
7.982143e-02 0.000000e+00 
8.000000e-02 0.000000e+00 
8.017857e-02 0.000000e+00 
8.035714e-02 0.000000e+00 
8.053571e-02 0.000000e+00 
8.071429e-02 0.000000e+00 
8.089286e-02 0.000000e+00 
8.107143e-02 0.000000e+00 
8.125000e-02 0.000000e+00 
8.142857e-02 0.000000e+00 
8.160714e-02 0.000000e+00 
8.178571e-02 0.000000e+00 
8.196429e-02 0.000000e+00 
8.214286e-02 0.000000e+00 
8.232143e-02 0.000000e+00 
8.250000e-02 0.000000e+00 
8.267857e-02 0.000000e+00 
8.285714e-02 0.000000e+00 
8.303571e-02 0.000000e+00 
8.321429e-02 0.000000e+00 
8.339286e-02 0.000000e+00 
8.357143e-02 0.000000e+00 
8.375000e-02 0.000000e+00 
8.392857e-02 0.000000e+00 
8.410714e-02 0.000000e+00 
8.428571e-02 0.000000e+00 
8.446429e-02 0.000000e+00 
8.464286e-02 0.000000e+00 
8.482143e-02 0.000000e+00 
8.500000e-02 0.000000e+00 
8.517857e-02 0.000000e+00 
8.535714e-02 0.000000e+00 
8.553571e-02 0.000000e+00 
8.571429e-02 0.000000e+00 
8.589286e-02 0.000000e+00 
8.607143e-02 0.000000e+00 
8.625000e-02 0.000000e+00 
8.642857e-02 0.000000e+00 
8.660714e-02 0.000000e+00 
8.678571e-02 0.000000e+00 
8.696429e-02 0.000000e+00 
8.714286e-02 0.000000e+00 
8.732143e-02 0.000000e+00 
8.750000e-02 0.000000e+00 
8.767857e-02 0.000000e+00 
8.785714e-02 0.000000e+00 
8.803571e-02 0.000000e+00 
8.821429e-02 0.000000e+00 
8.839286e-02 0.000000e+00 
8.857143e-02 0.000000e+00 
8.875000e-02 0.000000e+00 
8.892857e-02 0.000000e+00 
8.910714e-02 0.000000e+00 
8.928571e-02 0.000000e+00 
8.946429e-02 0.000000e+00 
8.964286e-02 0.000000e+00 
8.982143e-02 0.000000e+00 
9.000000e-02 0.000000e+00 
9.017857e-02 0.000000e+00 
9.035714e-02 0.000000e+00 
9.053571e-02 0.000000e+00 
9.071429e-02 0.000000e+00 
9.089286e-02 0.000000e+00 
9.107143e-02 0.000000e+00 
9.125000e-02 0.000000e+00 
9.142857e-02 0.000000e+00 
9.160714e-02 0.000000e+00 
9.178571e-02 0.000000e+00 
9.196429e-02 0.000000e+00 
9.214286e-02 0.000000e+00 
9.232143e-02 0.000000e+00 
9.250000e-02 0.000000e+00 
9.267857e-02 0.000000e+00 
9.285714e-02 0.000000e+00 
9.303571e-02 0.000000e+00 
9.321429e-02 0.000000e+00 
9.339286e-02 0.000000e+00 
9.357143e-02 0.000000e+00 
9.375000e-02 0.000000e+00 
9.392857e-02 0.000000e+00 
9.410714e-02 0.000000e+00 
9.428571e-02 0.000000e+00 
9.446429e-02 0.000000e+00 
9.464286e-02 0.000000e+00 
9.482143e-02 0.000000e+00 
9.500000e-02 0.000000e+00 
9.517857e-02 0.000000e+00 
9.535714e-02 0.000000e+00 
9.553571e-02 0.000000e+00 
9.571429e-02 0.000000e+00 
9.589286e-02 0.000000e+00 
9.607143e-02 0.000000e+00 
9.625000e-02 0.000000e+00 
9.642857e-02 0.000000e+00 
9.660714e-02 0.000000e+00 
9.678571e-02 0.000000e+00 
9.696429e-02 0.000000e+00 
9.714286e-02 0.000000e+00 
9.732143e-02 0.000000e+00 
9.750000e-02 0.000000e+00 
9.767857e-02 0.000000e+00 
9.785714e-02 0.000000e+00 
9.803571e-02 0.000000e+00 
9.821429e-02 0.000000e+00 
9.839286e-02 0.000000e+00 
9.857143e-02 0.000000e+00 
9.875000e-02 0.000000e+00 
9.892857e-02 0.000000e+00 
9.910714e-02 0.000000e+00 
9.928571e-02 0.000000e+00 
9.946429e-02 0.000000e+00 
9.964286e-02 0.000000e+00 
9.982143e-02 0.000000e+00 
1.000000e-01 0.000000e+00 
1.001786e-01 0.000000e+00 
1.003571e-01 0.000000e+00 
1.005357e-01 0.000000e+00 
1.007143e-01 0.000000e+00 
1.008929e-01 0.000000e+00 
1.010714e-01 0.000000e+00 
1.012500e-01 0.000000e+00 
1.014286e-01 0.000000e+00 
1.016071e-01 0.000000e+00 
1.017857e-01 0.000000e+00 
1.019643e-01 0.000000e+00 
1.021429e-01 0.000000e+00 
1.023214e-01 0.000000e+00 
1.025000e-01 0.000000e+00 
1.026786e-01 0.000000e+00 
1.028571e-01 0.000000e+00 
1.030357e-01 0.000000e+00 
1.032143e-01 0.000000e+00 
1.033929e-01 0.000000e+00 
1.035714e-01 0.000000e+00 
1.037500e-01 0.000000e+00 
1.039286e-01 0.000000e+00 
1.041071e-01 0.000000e+00 
1.042857e-01 0.000000e+00 
1.044643e-01 0.000000e+00 
1.046429e-01 0.000000e+00 
1.048214e-01 0.000000e+00 
1.050000e-01 0.000000e+00 
1.051786e-01 0.000000e+00 
1.053571e-01 0.000000e+00 
1.055357e-01 0.000000e+00 
1.057143e-01 0.000000e+00 
1.058929e-01 0.000000e+00 
1.060714e-01 0.000000e+00 
1.062500e-01 0.000000e+00 
1.064286e-01 0.000000e+00 
1.066071e-01 0.000000e+00 
1.067857e-01 0.000000e+00 
1.069643e-01 0.000000e+00 
1.071429e-01 0.000000e+00 
1.073214e-01 0.000000e+00 
1.075000e-01 0.000000e+00 
1.076786e-01 0.000000e+00 
1.078571e-01 0.000000e+00 
1.080357e-01 0.000000e+00 
1.082143e-01 0.000000e+00 
1.083929e-01 0.000000e+00 
1.085714e-01 0.000000e+00 
1.087500e-01 0.000000e+00 
1.089286e-01 0.000000e+00 
1.091071e-01 0.000000e+00 
1.092857e-01 0.000000e+00 
1.094643e-01 0.000000e+00 
1.096429e-01 0.000000e+00 
1.098214e-01 0.000000e+00 
1.100000e-01 0.000000e+00 
1.101786e-01 0.000000e+00 
1.103571e-01 0.000000e+00 
1.105357e-01 0.000000e+00 
1.107143e-01 0.000000e+00 
1.108929e-01 0.000000e+00 
1.110714e-01 0.000000e+00 
1.112500e-01 0.000000e+00 
1.114286e-01 0.000000e+00 
1.116071e-01 0.000000e+00 
1.117857e-01 0.000000e+00 
1.119643e-01 0.000000e+00 
1.121429e-01 0.000000e+00 
1.123214e-01 0.000000e+00 
1.125000e-01 0.000000e+00 
1.126786e-01 0.000000e+00 
1.128571e-01 0.000000e+00 
1.130357e-01 0.000000e+00 
1.132143e-01 0.000000e+00 
1.133929e-01 0.000000e+00 
1.135714e-01 0.000000e+00 
1.137500e-01 0.000000e+00 
1.139286e-01 0.000000e+00 
1.141071e-01 0.000000e+00 
1.142857e-01 0.000000e+00 
1.144643e-01 0.000000e+00 
1.146429e-01 0.000000e+00 
1.148214e-01 0.000000e+00 
1.150000e-01 0.000000e+00 
1.151786e-01 0.000000e+00 
1.153571e-01 0.000000e+00 
1.155357e-01 0.000000e+00 
1.157143e-01 0.000000e+00 
1.158929e-01 0.000000e+00 
1.160714e-01 0.000000e+00 
1.162500e-01 0.000000e+00 
1.164286e-01 0.000000e+00 
1.166071e-01 0.000000e+00 
1.167857e-01 0.000000e+00 
1.169643e-01 0.000000e+00 
1.171429e-01 0.000000e+00 
1.173214e-01 0.000000e+00 
1.175000e-01 0.000000e+00 
1.176786e-01 0.000000e+00 
1.178571e-01 0.000000e+00 
1.180357e-01 0.000000e+00 
1.182143e-01 0.000000e+00 
1.183929e-01 0.000000e+00 
1.185714e-01 0.000000e+00 
1.187500e-01 0.000000e+00 
1.189286e-01 0.000000e+00 
1.191071e-01 0.000000e+00 
1.192857e-01 0.000000e+00 
1.194643e-01 0.000000e+00 
1.196429e-01 0.000000e+00 
1.198214e-01 0.000000e+00 
1.200000e-01 0.000000e+00 
1.201786e-01 0.000000e+00 
1.203571e-01 0.000000e+00 
1.205357e-01 0.000000e+00 
1.207143e-01 0.000000e+00 
1.208929e-01 0.000000e+00 
1.210714e-01 0.000000e+00 
1.212500e-01 0.000000e+00 
1.214286e-01 0.000000e+00 
1.216071e-01 0.000000e+00 
1.217857e-01 0.000000e+00 
1.219643e-01 0.000000e+00 
1.221429e-01 0.000000e+00 
1.223214e-01 0.000000e+00 
1.225000e-01 0.000000e+00 
1.226786e-01 0.000000e+00 
1.228571e-01 0.000000e+00 
1.230357e-01 0.000000e+00 
1.232143e-01 0.000000e+00 
1.233929e-01 0.000000e+00 
1.235714e-01 0.000000e+00 
1.237500e-01 0.000000e+00 
1.239286e-01 0.000000e+00 
1.241071e-01 0.000000e+00 
1.242857e-01 0.000000e+00 
1.244643e-01 0.000000e+00 
1.246429e-01 0.000000e+00 
1.248214e-01 0.000000e+00 
1.250000e-01 0.000000e+00 
1.251786e-01 0.000000e+00 
1.253571e-01 0.000000e+00 
1.255357e-01 0.000000e+00 
1.257143e-01 0.000000e+00 
1.258929e-01 0.000000e+00 
1.260714e-01 0.000000e+00 
1.262500e-01 0.000000e+00 
1.264286e-01 0.000000e+00 
1.266071e-01 0.000000e+00 
1.267857e-01 0.000000e+00 
1.269643e-01 0.000000e+00 
1.271429e-01 0.000000e+00 
1.273214e-01 0.000000e+00 
1.275000e-01 0.000000e+00 
1.276786e-01 0.000000e+00 
1.278571e-01 0.000000e+00 
1.280357e-01 0.000000e+00 
1.282143e-01 0.000000e+00 
1.283929e-01 0.000000e+00 
1.285714e-01 0.000000e+00 
1.287500e-01 0.000000e+00 
1.289286e-01 0.000000e+00 
1.291071e-01 0.000000e+00 
1.292857e-01 0.000000e+00 
1.294643e-01 0.000000e+00 
1.296429e-01 0.000000e+00 
1.298214e-01 0.000000e+00 
1.300000e-01 0.000000e+00 
1.301786e-01 0.000000e+00 
1.303571e-01 0.000000e+00 
1.305357e-01 0.000000e+00 
1.307143e-01 0.000000e+00 
1.308929e-01 0.000000e+00 
1.310714e-01 0.000000e+00 
1.312500e-01 0.000000e+00 
1.314286e-01 0.000000e+00 
1.316071e-01 0.000000e+00 
1.317857e-01 0.000000e+00 
1.319643e-01 0.000000e+00 
1.321429e-01 0.000000e+00 
1.323214e-01 0.000000e+00 
1.325000e-01 0.000000e+00 
1.326786e-01 0.000000e+00 
1.328571e-01 0.000000e+00 
1.330357e-01 0.000000e+00 
1.332143e-01 0.000000e+00 
1.333929e-01 0.000000e+00 
1.335714e-01 0.000000e+00 
1.337500e-01 0.000000e+00 
1.339286e-01 0.000000e+00 
1.341071e-01 0.000000e+00 
1.342857e-01 0.000000e+00 
1.344643e-01 0.000000e+00 
1.346429e-01 0.000000e+00 
1.348214e-01 0.000000e+00 
1.350000e-01 0.000000e+00 
1.351786e-01 0.000000e+00 
1.353571e-01 0.000000e+00 
1.355357e-01 0.000000e+00 
1.357143e-01 0.000000e+00 
1.358929e-01 0.000000e+00 
1.360714e-01 0.000000e+00 
1.362500e-01 0.000000e+00 
1.364286e-01 0.000000e+00 
1.366071e-01 0.000000e+00 
1.367857e-01 0.000000e+00 
1.369643e-01 0.000000e+00 
1.371429e-01 0.000000e+00 
1.373214e-01 0.000000e+00 
1.375000e-01 0.000000e+00 
1.376786e-01 0.000000e+00 
1.378571e-01 0.000000e+00 
1.380357e-01 0.000000e+00 
1.382143e-01 0.000000e+00 
1.383929e-01 0.000000e+00 
1.385714e-01 0.000000e+00 
1.387500e-01 0.000000e+00 
1.389286e-01 0.000000e+00 
1.391071e-01 0.000000e+00 
1.392857e-01 0.000000e+00 
1.394643e-01 0.000000e+00 
1.396429e-01 0.000000e+00 
1.398214e-01 0.000000e+00 
1.400000e-01 0.000000e+00 
1.401786e-01 0.000000e+00 
1.403571e-01 0.000000e+00 
1.405357e-01 0.000000e+00 
1.407143e-01 0.000000e+00 
1.408929e-01 0.000000e+00 
1.410714e-01 0.000000e+00 
1.412500e-01 0.000000e+00 
1.414286e-01 0.000000e+00 
1.416071e-01 0.000000e+00 
1.417857e-01 0.000000e+00 
1.419643e-01 0.000000e+00 
1.421429e-01 0.000000e+00 
1.423214e-01 0.000000e+00 
1.425000e-01 0.000000e+00 
1.426786e-01 0.000000e+00 
1.428571e-01 0.000000e+00 
1.430357e-01 0.000000e+00 
1.432143e-01 0.000000e+00 
1.433929e-01 0.000000e+00 
1.435714e-01 0.000000e+00 
1.437500e-01 0.000000e+00 
1.439286e-01 0.000000e+00 
1.441071e-01 0.000000e+00 
1.442857e-01 0.000000e+00 
1.444643e-01 0.000000e+00 
1.446429e-01 0.000000e+00 
1.448214e-01 0.000000e+00 
1.450000e-01 0.000000e+00 
1.451786e-01 0.000000e+00 
1.453571e-01 0.000000e+00 
1.455357e-01 0.000000e+00 
1.457143e-01 0.000000e+00 
1.458929e-01 0.000000e+00 
1.460714e-01 0.000000e+00 
1.462500e-01 0.000000e+00 
1.464286e-01 0.000000e+00 
1.466071e-01 0.000000e+00 
1.467857e-01 0.000000e+00 
1.469643e-01 0.000000e+00 
1.471429e-01 0.000000e+00 
1.473214e-01 0.000000e+00 
1.475000e-01 0.000000e+00 
1.476786e-01 0.000000e+00 
1.478571e-01 0.000000e+00 
1.480357e-01 0.000000e+00 
1.482143e-01 0.000000e+00 
1.483929e-01 0.000000e+00 
1.485714e-01 0.000000e+00 
1.487500e-01 0.000000e+00 
1.489286e-01 0.000000e+00 
1.491071e-01 0.000000e+00 
1.492857e-01 0.000000e+00 
1.494643e-01 0.000000e+00 
1.496429e-01 0.000000e+00 
1.498214e-01 0.000000e+00 
1.500000e-01 0.000000e+00 
1.501786e-01 0.000000e+00 
1.503571e-01 0.000000e+00 
1.505357e-01 0.000000e+00 
1.507143e-01 0.000000e+00 
1.508929e-01 0.000000e+00 
1.510714e-01 0.000000e+00 
1.512500e-01 0.000000e+00 
1.514286e-01 0.000000e+00 
1.516071e-01 0.000000e+00 
1.517857e-01 0.000000e+00 
1.519643e-01 0.000000e+00 
1.521429e-01 0.000000e+00 
1.523214e-01 0.000000e+00 
1.525000e-01 0.000000e+00 
1.526786e-01 0.000000e+00 
1.528571e-01 0.000000e+00 
1.530357e-01 0.000000e+00 
1.532143e-01 0.000000e+00 
1.533929e-01 0.000000e+00 
1.535714e-01 0.000000e+00 
1.537500e-01 0.000000e+00 
1.539286e-01 0.000000e+00 
1.541071e-01 0.000000e+00 
1.542857e-01 0.000000e+00 
1.544643e-01 0.000000e+00 
1.546429e-01 0.000000e+00 
1.548214e-01 0.000000e+00 
1.550000e-01 0.000000e+00 
1.551786e-01 0.000000e+00 
1.553571e-01 0.000000e+00 
1.555357e-01 0.000000e+00 
1.557143e-01 0.000000e+00 
1.558929e-01 0.000000e+00 
1.560714e-01 0.000000e+00 
1.562500e-01 0.000000e+00 
1.564286e-01 0.000000e+00 
1.566071e-01 0.000000e+00 
1.567857e-01 0.000000e+00 
1.569643e-01 0.000000e+00 
1.571429e-01 0.000000e+00 
1.573214e-01 0.000000e+00 
1.575000e-01 0.000000e+00 
1.576786e-01 0.000000e+00 
1.578571e-01 0.000000e+00 
1.580357e-01 0.000000e+00 
1.582143e-01 0.000000e+00 
1.583929e-01 0.000000e+00 
1.585714e-01 0.000000e+00 
1.587500e-01 0.000000e+00 
1.589286e-01 0.000000e+00 
1.591071e-01 0.000000e+00 
1.592857e-01 0.000000e+00 
1.594643e-01 0.000000e+00 
1.596429e-01 0.000000e+00 
1.598214e-01 0.000000e+00 
1.600000e-01 0.000000e+00 
1.601786e-01 0.000000e+00 
1.603571e-01 0.000000e+00 
1.605357e-01 0.000000e+00 
1.607143e-01 0.000000e+00 
1.608929e-01 0.000000e+00 
1.610714e-01 0.000000e+00 
1.612500e-01 0.000000e+00 
1.614286e-01 0.000000e+00 
1.616071e-01 0.000000e+00 
1.617857e-01 0.000000e+00 
1.619643e-01 0.000000e+00 
1.621429e-01 0.000000e+00 
1.623214e-01 0.000000e+00 
1.625000e-01 0.000000e+00 
1.626786e-01 0.000000e+00 
1.628571e-01 0.000000e+00 
1.630357e-01 0.000000e+00 
1.632143e-01 0.000000e+00 
1.633929e-01 0.000000e+00 
1.635714e-01 0.000000e+00 
1.637500e-01 0.000000e+00 
1.639286e-01 0.000000e+00 
1.641071e-01 0.000000e+00 
1.642857e-01 0.000000e+00 
1.644643e-01 0.000000e+00 
1.646429e-01 0.000000e+00 
1.648214e-01 0.000000e+00 
1.650000e-01 0.000000e+00 
1.651786e-01 0.000000e+00 
1.653571e-01 0.000000e+00 
1.655357e-01 0.000000e+00 
1.657143e-01 0.000000e+00 
1.658929e-01 0.000000e+00 
1.660714e-01 0.000000e+00 
1.662500e-01 0.000000e+00 
1.664286e-01 0.000000e+00 
1.666071e-01 0.000000e+00 
1.667857e-01 0.000000e+00 
1.669643e-01 0.000000e+00 
1.671429e-01 0.000000e+00 
1.673214e-01 0.000000e+00 
1.675000e-01 0.000000e+00 
1.676786e-01 0.000000e+00 
1.678571e-01 0.000000e+00 
1.680357e-01 0.000000e+00 
1.682143e-01 0.000000e+00 
1.683929e-01 0.000000e+00 
1.685714e-01 0.000000e+00 
1.687500e-01 0.000000e+00 
1.689286e-01 0.000000e+00 
1.691071e-01 0.000000e+00 
1.692857e-01 0.000000e+00 
1.694643e-01 0.000000e+00 
1.696429e-01 0.000000e+00 
1.698214e-01 0.000000e+00 
1.700000e-01 0.000000e+00 
1.701786e-01 0.000000e+00 
1.703571e-01 0.000000e+00 
1.705357e-01 0.000000e+00 
1.707143e-01 0.000000e+00 
1.708929e-01 0.000000e+00 
1.710714e-01 0.000000e+00 
1.712500e-01 0.000000e+00 
1.714286e-01 0.000000e+00 
1.716071e-01 0.000000e+00 
1.717857e-01 0.000000e+00 
1.719643e-01 0.000000e+00 
1.721429e-01 0.000000e+00 
1.723214e-01 0.000000e+00 
1.725000e-01 0.000000e+00 
1.726786e-01 0.000000e+00 
1.728571e-01 0.000000e+00 
1.730357e-01 0.000000e+00 
1.732143e-01 0.000000e+00 
1.733929e-01 0.000000e+00 
1.735714e-01 0.000000e+00 
1.737500e-01 0.000000e+00 
1.739286e-01 0.000000e+00 
1.741071e-01 0.000000e+00 
1.742857e-01 0.000000e+00 
1.744643e-01 0.000000e+00 
1.746429e-01 0.000000e+00 
1.748214e-01 0.000000e+00 
1.750000e-01 0.000000e+00 
1.751786e-01 0.000000e+00 
1.753571e-01 0.000000e+00 
1.755357e-01 0.000000e+00 
1.757143e-01 0.000000e+00 
1.758929e-01 0.000000e+00 
1.760714e-01 0.000000e+00 
1.762500e-01 0.000000e+00 
1.764286e-01 0.000000e+00 
1.766071e-01 0.000000e+00 
1.767857e-01 0.000000e+00 
1.769643e-01 0.000000e+00 
1.771429e-01 0.000000e+00 
1.773214e-01 0.000000e+00 
1.775000e-01 0.000000e+00 
1.776786e-01 0.000000e+00 
1.778571e-01 0.000000e+00 
1.780357e-01 0.000000e+00 
1.782143e-01 0.000000e+00 
1.783929e-01 0.000000e+00 
1.785714e-01 0.000000e+00 
1.787500e-01 0.000000e+00 
1.789286e-01 0.000000e+00 
1.791071e-01 0.000000e+00 
1.792857e-01 0.000000e+00 
1.794643e-01 0.000000e+00 
1.796429e-01 0.000000e+00 
1.798214e-01 0.000000e+00 
1.800000e-01 0.000000e+00 
1.801786e-01 0.000000e+00 
1.803571e-01 0.000000e+00 
1.805357e-01 0.000000e+00 
1.807143e-01 0.000000e+00 
1.808929e-01 0.000000e+00 
1.810714e-01 0.000000e+00 
1.812500e-01 0.000000e+00 
1.814286e-01 0.000000e+00 
1.816071e-01 0.000000e+00 
1.817857e-01 0.000000e+00 
1.819643e-01 0.000000e+00 
1.821429e-01 0.000000e+00 
1.823214e-01 0.000000e+00 
1.825000e-01 0.000000e+00 
1.826786e-01 0.000000e+00 
1.828571e-01 0.000000e+00 
1.830357e-01 0.000000e+00 
1.832143e-01 0.000000e+00 
1.833929e-01 0.000000e+00 
1.835714e-01 0.000000e+00 
1.837500e-01 0.000000e+00 
1.839286e-01 0.000000e+00 
1.841071e-01 0.000000e+00 
1.842857e-01 0.000000e+00 
1.844643e-01 0.000000e+00 
1.846429e-01 0.000000e+00 
1.848214e-01 0.000000e+00 
1.850000e-01 0.000000e+00 
1.851786e-01 0.000000e+00 
1.853571e-01 0.000000e+00 
1.855357e-01 0.000000e+00 
1.857143e-01 0.000000e+00 
1.858929e-01 0.000000e+00 
1.860714e-01 0.000000e+00 
1.862500e-01 0.000000e+00 
1.864286e-01 0.000000e+00 
1.866071e-01 0.000000e+00 
1.867857e-01 0.000000e+00 
1.869643e-01 0.000000e+00 
1.871429e-01 0.000000e+00 
1.873214e-01 0.000000e+00 
1.875000e-01 0.000000e+00 
1.876786e-01 0.000000e+00 
1.878571e-01 0.000000e+00 
1.880357e-01 0.000000e+00 
1.882143e-01 0.000000e+00 
1.883929e-01 0.000000e+00 
1.885714e-01 0.000000e+00 
1.887500e-01 0.000000e+00 
1.889286e-01 0.000000e+00 
1.891071e-01 0.000000e+00 
1.892857e-01 0.000000e+00 
1.894643e-01 0.000000e+00 
1.896429e-01 0.000000e+00 
1.898214e-01 0.000000e+00 
1.900000e-01 0.000000e+00 
1.901786e-01 0.000000e+00 
1.903571e-01 0.000000e+00 
1.905357e-01 0.000000e+00 
1.907143e-01 0.000000e+00 
1.908929e-01 0.000000e+00 
1.910714e-01 0.000000e+00 
1.912500e-01 0.000000e+00 
1.914286e-01 0.000000e+00 
1.916071e-01 0.000000e+00 
1.917857e-01 0.000000e+00 
1.919643e-01 0.000000e+00 
1.921429e-01 0.000000e+00 
1.923214e-01 0.000000e+00 
1.925000e-01 0.000000e+00 
1.926786e-01 0.000000e+00 
1.928571e-01 0.000000e+00 
1.930357e-01 0.000000e+00 
1.932143e-01 0.000000e+00 
1.933929e-01 0.000000e+00 
1.935714e-01 0.000000e+00 
1.937500e-01 0.000000e+00 
1.939286e-01 0.000000e+00 
1.941071e-01 0.000000e+00 
1.942857e-01 0.000000e+00 
1.944643e-01 0.000000e+00 
1.946429e-01 0.000000e+00 
1.948214e-01 0.000000e+00 
1.950000e-01 0.000000e+00 
1.951786e-01 0.000000e+00 
1.953571e-01 0.000000e+00 
1.955357e-01 0.000000e+00 
1.957143e-01 0.000000e+00 
1.958929e-01 0.000000e+00 
1.960714e-01 0.000000e+00 
1.962500e-01 0.000000e+00 
1.964286e-01 0.000000e+00 
1.966071e-01 0.000000e+00 
1.967857e-01 0.000000e+00 
1.969643e-01 0.000000e+00 
1.971429e-01 0.000000e+00 
1.973214e-01 0.000000e+00 
1.975000e-01 0.000000e+00 
1.976786e-01 0.000000e+00 
1.978571e-01 0.000000e+00 
1.980357e-01 0.000000e+00 
1.982143e-01 0.000000e+00 
1.983929e-01 0.000000e+00 
1.985714e-01 0.000000e+00 
1.987500e-01 0.000000e+00 
1.989286e-01 0.000000e+00 
1.991071e-01 0.000000e+00 
1.992857e-01 0.000000e+00 
1.994643e-01 0.000000e+00 
1.996429e-01 0.000000e+00 
1.998214e-01 0.000000e+00 
2.000000e-01 0.000000e+00 
2.001786e-01 0.000000e+00 
2.003571e-01 0.000000e+00 
2.005357e-01 0.000000e+00 
2.007143e-01 0.000000e+00 
2.008929e-01 0.000000e+00 
2.010714e-01 0.000000e+00 
2.012500e-01 0.000000e+00 
2.014286e-01 0.000000e+00 
2.016071e-01 0.000000e+00 
2.017857e-01 0.000000e+00 
2.019643e-01 0.000000e+00 
2.021429e-01 0.000000e+00 
2.023214e-01 0.000000e+00 
2.025000e-01 0.000000e+00 
2.026786e-01 0.000000e+00 
2.028571e-01 0.000000e+00 
2.030357e-01 0.000000e+00 
2.032143e-01 0.000000e+00 
2.033929e-01 0.000000e+00 
2.035714e-01 0.000000e+00 
2.037500e-01 0.000000e+00 
2.039286e-01 0.000000e+00 
2.041071e-01 0.000000e+00 
2.042857e-01 0.000000e+00 
2.044643e-01 0.000000e+00 
2.046429e-01 0.000000e+00 
2.048214e-01 0.000000e+00 
2.050000e-01 0.000000e+00 
2.051786e-01 0.000000e+00 
2.053571e-01 0.000000e+00 
2.055357e-01 0.000000e+00 
2.057143e-01 0.000000e+00 
2.058929e-01 0.000000e+00 
2.060714e-01 0.000000e+00 
2.062500e-01 0.000000e+00 
2.064286e-01 0.000000e+00 
2.066071e-01 0.000000e+00 
2.067857e-01 0.000000e+00 
2.069643e-01 0.000000e+00 
2.071429e-01 0.000000e+00 
2.073214e-01 0.000000e+00 
2.075000e-01 0.000000e+00 
2.076786e-01 0.000000e+00 
2.078571e-01 0.000000e+00 
2.080357e-01 0.000000e+00 
2.082143e-01 0.000000e+00 
2.083929e-01 0.000000e+00 
2.085714e-01 0.000000e+00 
2.087500e-01 0.000000e+00 
2.089286e-01 0.000000e+00 
2.091071e-01 0.000000e+00 
2.092857e-01 0.000000e+00 
2.094643e-01 0.000000e+00 
2.096429e-01 0.000000e+00 
2.098214e-01 0.000000e+00 
2.100000e-01 0.000000e+00 
2.101786e-01 0.000000e+00 
2.103571e-01 0.000000e+00 
2.105357e-01 0.000000e+00 
2.107143e-01 0.000000e+00 
2.108929e-01 0.000000e+00 
2.110714e-01 0.000000e+00 
2.112500e-01 0.000000e+00 
2.114286e-01 0.000000e+00 
2.116071e-01 0.000000e+00 
2.117857e-01 0.000000e+00 
2.119643e-01 0.000000e+00 
2.121429e-01 0.000000e+00 
2.123214e-01 0.000000e+00 
2.125000e-01 0.000000e+00 
2.126786e-01 0.000000e+00 
2.128571e-01 0.000000e+00 
2.130357e-01 0.000000e+00 
2.132143e-01 0.000000e+00 
2.133929e-01 0.000000e+00 
2.135714e-01 0.000000e+00 
2.137500e-01 0.000000e+00 
2.139286e-01 0.000000e+00 
2.141071e-01 0.000000e+00 
2.142857e-01 0.000000e+00 
2.144643e-01 0.000000e+00 
2.146429e-01 0.000000e+00 
2.148214e-01 0.000000e+00 
2.150000e-01 0.000000e+00 
2.151786e-01 0.000000e+00 
2.153571e-01 0.000000e+00 
2.155357e-01 0.000000e+00 
2.157143e-01 0.000000e+00 
2.158929e-01 0.000000e+00 
2.160714e-01 0.000000e+00 
2.162500e-01 0.000000e+00 
2.164286e-01 0.000000e+00 
2.166071e-01 0.000000e+00 
2.167857e-01 0.000000e+00 
2.169643e-01 0.000000e+00 
2.171429e-01 0.000000e+00 
2.173214e-01 0.000000e+00 
2.175000e-01 0.000000e+00 
2.176786e-01 0.000000e+00 
2.178571e-01 0.000000e+00 
2.180357e-01 0.000000e+00 
2.182143e-01 0.000000e+00 
2.183929e-01 0.000000e+00 
2.185714e-01 0.000000e+00 
2.187500e-01 0.000000e+00 
2.189286e-01 0.000000e+00 
2.191071e-01 0.000000e+00 
2.192857e-01 0.000000e+00 
2.194643e-01 0.000000e+00 
2.196429e-01 0.000000e+00 
2.198214e-01 0.000000e+00 
2.200000e-01 0.000000e+00 
2.201786e-01 0.000000e+00 
2.203571e-01 0.000000e+00 
2.205357e-01 0.000000e+00 
2.207143e-01 0.000000e+00 
2.208929e-01 0.000000e+00 
2.210714e-01 0.000000e+00 
2.212500e-01 0.000000e+00 
2.214286e-01 0.000000e+00 
2.216071e-01 0.000000e+00 
2.217857e-01 0.000000e+00 
2.219643e-01 0.000000e+00 
2.221429e-01 0.000000e+00 
2.223214e-01 0.000000e+00 
2.225000e-01 0.000000e+00 
2.226786e-01 0.000000e+00 
2.228571e-01 0.000000e+00 
2.230357e-01 0.000000e+00 
2.232143e-01 0.000000e+00 
2.233929e-01 0.000000e+00 
2.235714e-01 0.000000e+00 
2.237500e-01 0.000000e+00 
2.239286e-01 0.000000e+00 
2.241071e-01 0.000000e+00 
2.242857e-01 0.000000e+00 
2.244643e-01 0.000000e+00 
2.246429e-01 0.000000e+00 
2.248214e-01 0.000000e+00 
2.250000e-01 0.000000e+00 
2.251786e-01 0.000000e+00 
2.253571e-01 0.000000e+00 
2.255357e-01 0.000000e+00 
2.257143e-01 0.000000e+00 
2.258929e-01 0.000000e+00 
2.260714e-01 0.000000e+00 
2.262500e-01 0.000000e+00 
2.264286e-01 0.000000e+00 
2.266071e-01 0.000000e+00 
2.267857e-01 0.000000e+00 
2.269643e-01 0.000000e+00 
2.271429e-01 0.000000e+00 
2.273214e-01 0.000000e+00 
2.275000e-01 0.000000e+00 
2.276786e-01 0.000000e+00 
2.278571e-01 0.000000e+00 
2.280357e-01 0.000000e+00 
2.282143e-01 0.000000e+00 
2.283929e-01 0.000000e+00 
2.285714e-01 0.000000e+00 
2.287500e-01 0.000000e+00 
2.289286e-01 0.000000e+00 
2.291071e-01 0.000000e+00 
2.292857e-01 0.000000e+00 
2.294643e-01 0.000000e+00 
2.296429e-01 0.000000e+00 
2.298214e-01 0.000000e+00 
2.300000e-01 0.000000e+00 
2.301786e-01 0.000000e+00 
2.303571e-01 0.000000e+00 
2.305357e-01 0.000000e+00 
2.307143e-01 0.000000e+00 
2.308929e-01 0.000000e+00 
2.310714e-01 0.000000e+00 
2.312500e-01 0.000000e+00 
2.314286e-01 0.000000e+00 
2.316071e-01 0.000000e+00 
2.317857e-01 0.000000e+00 
2.319643e-01 0.000000e+00 
2.321429e-01 0.000000e+00 
2.323214e-01 0.000000e+00 
2.325000e-01 0.000000e+00 
2.326786e-01 0.000000e+00 
2.328571e-01 0.000000e+00 
2.330357e-01 0.000000e+00 
2.332143e-01 0.000000e+00 
2.333929e-01 0.000000e+00 
2.335714e-01 0.000000e+00 
2.337500e-01 0.000000e+00 
2.339286e-01 0.000000e+00 
2.341071e-01 0.000000e+00 
2.342857e-01 0.000000e+00 
2.344643e-01 0.000000e+00 
2.346429e-01 0.000000e+00 
2.348214e-01 0.000000e+00 
2.350000e-01 0.000000e+00 
2.351786e-01 0.000000e+00 
2.353571e-01 0.000000e+00 
2.355357e-01 0.000000e+00 
2.357143e-01 0.000000e+00 
2.358929e-01 0.000000e+00 
2.360714e-01 0.000000e+00 
2.362500e-01 0.000000e+00 
2.364286e-01 0.000000e+00 
2.366071e-01 0.000000e+00 
2.367857e-01 0.000000e+00 
2.369643e-01 0.000000e+00 
2.371429e-01 0.000000e+00 
2.373214e-01 0.000000e+00 
2.375000e-01 0.000000e+00 
2.376786e-01 0.000000e+00 
2.378571e-01 0.000000e+00 
2.380357e-01 0.000000e+00 
2.382143e-01 0.000000e+00 
2.383929e-01 0.000000e+00 
2.385714e-01 0.000000e+00 
2.387500e-01 0.000000e+00 
2.389286e-01 0.000000e+00 
2.391071e-01 0.000000e+00 
2.392857e-01 0.000000e+00 
2.394643e-01 0.000000e+00 
2.396429e-01 0.000000e+00 
2.398214e-01 0.000000e+00 
2.400000e-01 0.000000e+00 
2.401786e-01 0.000000e+00 
2.403571e-01 0.000000e+00 
2.405357e-01 0.000000e+00 
2.407143e-01 0.000000e+00 
2.408929e-01 0.000000e+00 
2.410714e-01 0.000000e+00 
2.412500e-01 0.000000e+00 
2.414286e-01 0.000000e+00 
2.416071e-01 0.000000e+00 
2.417857e-01 0.000000e+00 
2.419643e-01 0.000000e+00 
2.421429e-01 0.000000e+00 
2.423214e-01 0.000000e+00 
2.425000e-01 0.000000e+00 
2.426786e-01 0.000000e+00 
2.428571e-01 0.000000e+00 
2.430357e-01 0.000000e+00 
2.432143e-01 0.000000e+00 
2.433929e-01 0.000000e+00 
2.435714e-01 0.000000e+00 
2.437500e-01 0.000000e+00 
2.439286e-01 0.000000e+00 
2.441071e-01 0.000000e+00 
2.442857e-01 0.000000e+00 
2.444643e-01 0.000000e+00 
2.446429e-01 0.000000e+00 
2.448214e-01 0.000000e+00 
2.450000e-01 0.000000e+00 
2.451786e-01 0.000000e+00 
2.453571e-01 0.000000e+00 
2.455357e-01 0.000000e+00 
2.457143e-01 0.000000e+00 
2.458929e-01 0.000000e+00 
2.460714e-01 0.000000e+00 
2.462500e-01 0.000000e+00 
2.464286e-01 0.000000e+00 
2.466071e-01 0.000000e+00 
2.467857e-01 0.000000e+00 
2.469643e-01 0.000000e+00 
2.471429e-01 0.000000e+00 
2.473214e-01 0.000000e+00 
2.475000e-01 0.000000e+00 
2.476786e-01 0.000000e+00 
2.478571e-01 0.000000e+00 
2.480357e-01 0.000000e+00 
2.482143e-01 0.000000e+00 
2.483929e-01 0.000000e+00 
2.485714e-01 0.000000e+00 
2.487500e-01 0.000000e+00 
2.489286e-01 0.000000e+00 
2.491071e-01 0.000000e+00 
2.492857e-01 0.000000e+00 
2.494643e-01 0.000000e+00 
2.496429e-01 0.000000e+00 
2.498214e-01 0.000000e+00 
2.500000e-01 0.000000e+00 
2.501786e-01 0.000000e+00 
2.503571e-01 0.000000e+00 
2.505357e-01 0.000000e+00 
2.507143e-01 0.000000e+00 
2.508929e-01 0.000000e+00 
2.510714e-01 0.000000e+00 
2.512500e-01 0.000000e+00 
2.514286e-01 0.000000e+00 
2.516071e-01 0.000000e+00 
2.517857e-01 0.000000e+00 
2.519643e-01 0.000000e+00 
2.521429e-01 0.000000e+00 
2.523214e-01 0.000000e+00 
2.525000e-01 0.000000e+00 
2.526786e-01 0.000000e+00 
2.528571e-01 0.000000e+00 
2.530357e-01 0.000000e+00 
2.532143e-01 0.000000e+00 
2.533929e-01 0.000000e+00 
2.535714e-01 0.000000e+00 
2.537500e-01 0.000000e+00 
2.539286e-01 0.000000e+00 
2.541071e-01 0.000000e+00 
2.542857e-01 0.000000e+00 
2.544643e-01 0.000000e+00 
2.546429e-01 0.000000e+00 
2.548214e-01 0.000000e+00 
2.550000e-01 0.000000e+00 
2.551786e-01 0.000000e+00 
2.553571e-01 0.000000e+00 
2.555357e-01 0.000000e+00 
2.557143e-01 0.000000e+00 
2.558929e-01 0.000000e+00 
2.560714e-01 0.000000e+00 
2.562500e-01 0.000000e+00 
2.564286e-01 0.000000e+00 
2.566071e-01 0.000000e+00 
2.567857e-01 0.000000e+00 
2.569643e-01 0.000000e+00 
2.571429e-01 0.000000e+00 
2.573214e-01 0.000000e+00 
2.575000e-01 0.000000e+00 
2.576786e-01 0.000000e+00 
2.578571e-01 0.000000e+00 
2.580357e-01 0.000000e+00 
2.582143e-01 0.000000e+00 
2.583929e-01 0.000000e+00 
2.585714e-01 0.000000e+00 
2.587500e-01 0.000000e+00 
2.589286e-01 0.000000e+00 
2.591071e-01 0.000000e+00 
2.592857e-01 0.000000e+00 
2.594643e-01 0.000000e+00 
2.596429e-01 0.000000e+00 
2.598214e-01 0.000000e+00 
2.600000e-01 0.000000e+00 
2.601786e-01 0.000000e+00 
2.603571e-01 0.000000e+00 
2.605357e-01 0.000000e+00 
2.607143e-01 0.000000e+00 
2.608929e-01 0.000000e+00 
2.610714e-01 0.000000e+00 
2.612500e-01 0.000000e+00 
2.614286e-01 0.000000e+00 
2.616071e-01 0.000000e+00 
2.617857e-01 0.000000e+00 
2.619643e-01 0.000000e+00 
2.621429e-01 0.000000e+00 
2.623214e-01 0.000000e+00 
2.625000e-01 0.000000e+00 
2.626786e-01 0.000000e+00 
2.628571e-01 0.000000e+00 
2.630357e-01 0.000000e+00 
2.632143e-01 0.000000e+00 
2.633929e-01 0.000000e+00 
2.635714e-01 0.000000e+00 
2.637500e-01 0.000000e+00 
2.639286e-01 0.000000e+00 
2.641071e-01 0.000000e+00 
2.642857e-01 0.000000e+00 
2.644643e-01 0.000000e+00 
2.646429e-01 0.000000e+00 
2.648214e-01 0.000000e+00 
2.650000e-01 0.000000e+00 
2.651786e-01 0.000000e+00 
2.653571e-01 0.000000e+00 
2.655357e-01 0.000000e+00 
2.657143e-01 0.000000e+00 
2.658929e-01 0.000000e+00 
2.660714e-01 0.000000e+00 
2.662500e-01 0.000000e+00 
2.664286e-01 0.000000e+00 
2.666071e-01 0.000000e+00 
2.667857e-01 0.000000e+00 
2.669643e-01 0.000000e+00 
2.671429e-01 0.000000e+00 
2.673214e-01 0.000000e+00 
2.675000e-01 0.000000e+00 
2.676786e-01 0.000000e+00 
2.678571e-01 0.000000e+00 
2.680357e-01 0.000000e+00 
2.682143e-01 0.000000e+00 
2.683929e-01 0.000000e+00 
2.685714e-01 0.000000e+00 
2.687500e-01 0.000000e+00 
2.689286e-01 0.000000e+00 
2.691071e-01 0.000000e+00 
2.692857e-01 0.000000e+00 
2.694643e-01 0.000000e+00 
2.696429e-01 0.000000e+00 
2.698214e-01 0.000000e+00 
2.700000e-01 0.000000e+00 
2.701786e-01 0.000000e+00 
2.703571e-01 0.000000e+00 
2.705357e-01 0.000000e+00 
2.707143e-01 0.000000e+00 
2.708929e-01 0.000000e+00 
2.710714e-01 0.000000e+00 
2.712500e-01 0.000000e+00 
2.714286e-01 0.000000e+00 
2.716071e-01 0.000000e+00 
2.717857e-01 0.000000e+00 
2.719643e-01 0.000000e+00 
2.721429e-01 0.000000e+00 
2.723214e-01 0.000000e+00 
2.725000e-01 0.000000e+00 
2.726786e-01 0.000000e+00 
2.728571e-01 0.000000e+00 
2.730357e-01 0.000000e+00 
2.732143e-01 0.000000e+00 
2.733929e-01 0.000000e+00 
2.735714e-01 0.000000e+00 
2.737500e-01 0.000000e+00 
2.739286e-01 0.000000e+00 
2.741071e-01 0.000000e+00 
2.742857e-01 0.000000e+00 
2.744643e-01 0.000000e+00 
2.746429e-01 0.000000e+00 
2.748214e-01 0.000000e+00 
2.750000e-01 0.000000e+00 
2.751786e-01 0.000000e+00 
2.753571e-01 0.000000e+00 
2.755357e-01 0.000000e+00 
2.757143e-01 0.000000e+00 
2.758929e-01 0.000000e+00 
2.760714e-01 0.000000e+00 
2.762500e-01 0.000000e+00 
2.764286e-01 0.000000e+00 
2.766071e-01 0.000000e+00 
2.767857e-01 0.000000e+00 
2.769643e-01 0.000000e+00 
2.771429e-01 0.000000e+00 
2.773214e-01 0.000000e+00 
2.775000e-01 0.000000e+00 
2.776786e-01 0.000000e+00 
2.778571e-01 0.000000e+00 
2.780357e-01 0.000000e+00 
2.782143e-01 0.000000e+00 
2.783929e-01 0.000000e+00 
2.785714e-01 0.000000e+00 
2.787500e-01 0.000000e+00 
2.789286e-01 0.000000e+00 
2.791071e-01 0.000000e+00 
2.792857e-01 0.000000e+00 
2.794643e-01 0.000000e+00 
2.796429e-01 0.000000e+00 
2.798214e-01 0.000000e+00 
2.800000e-01 0.000000e+00 
2.801786e-01 0.000000e+00 
2.803571e-01 0.000000e+00 
2.805357e-01 0.000000e+00 
2.807143e-01 0.000000e+00 
2.808929e-01 0.000000e+00 
2.810714e-01 0.000000e+00 
2.812500e-01 0.000000e+00 
2.814286e-01 0.000000e+00 
2.816071e-01 0.000000e+00 
2.817857e-01 0.000000e+00 
2.819643e-01 0.000000e+00 
2.821429e-01 0.000000e+00 
2.823214e-01 0.000000e+00 
2.825000e-01 0.000000e+00 
2.826786e-01 0.000000e+00 
2.828571e-01 0.000000e+00 
2.830357e-01 0.000000e+00 
2.832143e-01 0.000000e+00 
2.833929e-01 0.000000e+00 
2.835714e-01 0.000000e+00 
2.837500e-01 0.000000e+00 
2.839286e-01 0.000000e+00 
2.841071e-01 0.000000e+00 
2.842857e-01 0.000000e+00 
2.844643e-01 0.000000e+00 
2.846429e-01 0.000000e+00 
2.848214e-01 0.000000e+00 
2.850000e-01 0.000000e+00 
2.851786e-01 0.000000e+00 
2.853571e-01 0.000000e+00 
2.855357e-01 0.000000e+00 
2.857143e-01 0.000000e+00 
2.858929e-01 0.000000e+00 
2.860714e-01 0.000000e+00 
2.862500e-01 0.000000e+00 
2.864286e-01 0.000000e+00 
2.866071e-01 0.000000e+00 
2.867857e-01 0.000000e+00 
2.869643e-01 0.000000e+00 
2.871429e-01 0.000000e+00 
2.873214e-01 0.000000e+00 
2.875000e-01 0.000000e+00 
2.876786e-01 0.000000e+00 
2.878571e-01 0.000000e+00 
2.880357e-01 0.000000e+00 
2.882143e-01 0.000000e+00 
2.883929e-01 0.000000e+00 
2.885714e-01 0.000000e+00 
2.887500e-01 0.000000e+00 
2.889286e-01 0.000000e+00 
2.891071e-01 0.000000e+00 
2.892857e-01 0.000000e+00 
2.894643e-01 0.000000e+00 
2.896429e-01 0.000000e+00 
2.898214e-01 0.000000e+00 
2.900000e-01 0.000000e+00 
2.901786e-01 0.000000e+00 
2.903571e-01 0.000000e+00 
2.905357e-01 0.000000e+00 
2.907143e-01 0.000000e+00 
2.908929e-01 0.000000e+00 
2.910714e-01 0.000000e+00 
2.912500e-01 0.000000e+00 
2.914286e-01 0.000000e+00 
2.916071e-01 0.000000e+00 
2.917857e-01 0.000000e+00 
2.919643e-01 0.000000e+00 
2.921429e-01 0.000000e+00 
2.923214e-01 0.000000e+00 
2.925000e-01 0.000000e+00 
2.926786e-01 0.000000e+00 
2.928571e-01 0.000000e+00 
2.930357e-01 0.000000e+00 
2.932143e-01 0.000000e+00 
2.933929e-01 0.000000e+00 
2.935714e-01 0.000000e+00 
2.937500e-01 0.000000e+00 
2.939286e-01 0.000000e+00 
2.941071e-01 0.000000e+00 
2.942857e-01 0.000000e+00 
2.944643e-01 0.000000e+00 
2.946429e-01 0.000000e+00 
2.948214e-01 0.000000e+00 
2.950000e-01 0.000000e+00 
2.951786e-01 0.000000e+00 
2.953571e-01 0.000000e+00 
2.955357e-01 0.000000e+00 
2.957143e-01 0.000000e+00 
2.958929e-01 0.000000e+00 
2.960714e-01 0.000000e+00 
2.962500e-01 0.000000e+00 
2.964286e-01 0.000000e+00 
2.966071e-01 0.000000e+00 
2.967857e-01 0.000000e+00 
2.969643e-01 0.000000e+00 
2.971429e-01 0.000000e+00 
2.973214e-01 0.000000e+00 
2.975000e-01 0.000000e+00 
2.976786e-01 0.000000e+00 
2.978571e-01 0.000000e+00 
2.980357e-01 0.000000e+00 
2.982143e-01 0.000000e+00 
2.983929e-01 0.000000e+00 
2.985714e-01 0.000000e+00 
2.987500e-01 0.000000e+00 
2.989286e-01 0.000000e+00 
2.991071e-01 0.000000e+00 
2.992857e-01 0.000000e+00 
2.994643e-01 0.000000e+00 
2.996429e-01 0.000000e+00 
2.998214e-01 0.000000e+00 
3.000000e-01 0.000000e+00 
3.001786e-01 0.000000e+00 
3.003571e-01 0.000000e+00 
3.005357e-01 0.000000e+00 
3.007143e-01 0.000000e+00 
3.008929e-01 0.000000e+00 
3.010714e-01 0.000000e+00 
3.012500e-01 0.000000e+00 
3.014286e-01 0.000000e+00 
3.016071e-01 0.000000e+00 
3.017857e-01 0.000000e+00 
3.019643e-01 0.000000e+00 
3.021429e-01 0.000000e+00 
3.023214e-01 0.000000e+00 
3.025000e-01 0.000000e+00 
3.026786e-01 0.000000e+00 
3.028571e-01 0.000000e+00 
3.030357e-01 0.000000e+00 
3.032143e-01 0.000000e+00 
3.033929e-01 0.000000e+00 
3.035714e-01 0.000000e+00 
3.037500e-01 0.000000e+00 
3.039286e-01 0.000000e+00 
3.041071e-01 0.000000e+00 
3.042857e-01 0.000000e+00 
3.044643e-01 0.000000e+00 
3.046429e-01 0.000000e+00 
3.048214e-01 0.000000e+00 
3.050000e-01 0.000000e+00 
3.051786e-01 0.000000e+00 
3.053571e-01 0.000000e+00 
3.055357e-01 0.000000e+00 
3.057143e-01 0.000000e+00 
3.058929e-01 0.000000e+00 
3.060714e-01 0.000000e+00 
3.062500e-01 0.000000e+00 
3.064286e-01 0.000000e+00 
3.066071e-01 0.000000e+00 
3.067857e-01 0.000000e+00 
3.069643e-01 0.000000e+00 
3.071429e-01 0.000000e+00 
3.073214e-01 0.000000e+00 
3.075000e-01 0.000000e+00 
3.076786e-01 0.000000e+00 
3.078571e-01 0.000000e+00 
3.080357e-01 0.000000e+00 
3.082143e-01 0.000000e+00 
3.083929e-01 0.000000e+00 
3.085714e-01 0.000000e+00 
3.087500e-01 0.000000e+00 
3.089286e-01 0.000000e+00 
3.091071e-01 0.000000e+00 
3.092857e-01 0.000000e+00 
3.094643e-01 0.000000e+00 
3.096429e-01 0.000000e+00 
3.098214e-01 0.000000e+00 
3.100000e-01 0.000000e+00 
3.101786e-01 0.000000e+00 
3.103571e-01 0.000000e+00 
3.105357e-01 0.000000e+00 
3.107143e-01 0.000000e+00 
3.108929e-01 0.000000e+00 
3.110714e-01 0.000000e+00 
3.112500e-01 0.000000e+00 
3.114286e-01 0.000000e+00 
3.116071e-01 0.000000e+00 
3.117857e-01 0.000000e+00 
3.119643e-01 0.000000e+00 
3.121429e-01 0.000000e+00 
3.123214e-01 0.000000e+00 
3.125000e-01 0.000000e+00 
3.126786e-01 0.000000e+00 
3.128571e-01 0.000000e+00 
3.130357e-01 0.000000e+00 
3.132143e-01 0.000000e+00 
3.133929e-01 0.000000e+00 
3.135714e-01 0.000000e+00 
3.137500e-01 0.000000e+00 
3.139286e-01 0.000000e+00 
3.141071e-01 0.000000e+00 
3.142857e-01 0.000000e+00 
3.144643e-01 0.000000e+00 
3.146429e-01 0.000000e+00 
3.148214e-01 0.000000e+00 
3.150000e-01 0.000000e+00 
3.151786e-01 0.000000e+00 
3.153571e-01 0.000000e+00 
3.155357e-01 0.000000e+00 
3.157143e-01 0.000000e+00 
3.158929e-01 0.000000e+00 
3.160714e-01 0.000000e+00 
3.162500e-01 0.000000e+00 
3.164286e-01 0.000000e+00 
3.166071e-01 0.000000e+00 
3.167857e-01 0.000000e+00 
3.169643e-01 0.000000e+00 
3.171429e-01 0.000000e+00 
3.173214e-01 0.000000e+00 
3.175000e-01 0.000000e+00 
3.176786e-01 0.000000e+00 
3.178571e-01 0.000000e+00 
3.180357e-01 0.000000e+00 
3.182143e-01 0.000000e+00 
3.183929e-01 0.000000e+00 
3.185714e-01 0.000000e+00 
3.187500e-01 0.000000e+00 
3.189286e-01 0.000000e+00 
3.191071e-01 0.000000e+00 
3.192857e-01 0.000000e+00 
3.194643e-01 0.000000e+00 
3.196429e-01 0.000000e+00 
3.198214e-01 0.000000e+00 
3.200000e-01 0.000000e+00 
3.201786e-01 0.000000e+00 
3.203571e-01 0.000000e+00 
3.205357e-01 0.000000e+00 
3.207143e-01 0.000000e+00 
3.208929e-01 0.000000e+00 
3.210714e-01 0.000000e+00 
3.212500e-01 0.000000e+00 
3.214286e-01 0.000000e+00 
3.216071e-01 0.000000e+00 
3.217857e-01 0.000000e+00 
3.219643e-01 0.000000e+00 
3.221429e-01 0.000000e+00 
3.223214e-01 0.000000e+00 
3.225000e-01 0.000000e+00 
3.226786e-01 0.000000e+00 
3.228571e-01 0.000000e+00 
3.230357e-01 0.000000e+00 
3.232143e-01 0.000000e+00 
3.233929e-01 0.000000e+00 
3.235714e-01 0.000000e+00 
3.237500e-01 0.000000e+00 
3.239286e-01 0.000000e+00 
3.241071e-01 0.000000e+00 
3.242857e-01 0.000000e+00 
3.244643e-01 0.000000e+00 
3.246429e-01 0.000000e+00 
3.248214e-01 0.000000e+00 
3.250000e-01 0.000000e+00 
3.251786e-01 0.000000e+00 
3.253571e-01 0.000000e+00 
3.255357e-01 0.000000e+00 
3.257143e-01 0.000000e+00 
3.258929e-01 0.000000e+00 
3.260714e-01 0.000000e+00 
3.262500e-01 0.000000e+00 
3.264286e-01 0.000000e+00 
3.266071e-01 0.000000e+00 
3.267857e-01 0.000000e+00 
3.269643e-01 0.000000e+00 
3.271429e-01 0.000000e+00 
3.273214e-01 0.000000e+00 
3.275000e-01 0.000000e+00 
3.276786e-01 0.000000e+00 
3.278571e-01 0.000000e+00 
3.280357e-01 0.000000e+00 
3.282143e-01 0.000000e+00 
3.283929e-01 0.000000e+00 
3.285714e-01 0.000000e+00 
3.287500e-01 0.000000e+00 
3.289286e-01 0.000000e+00 
3.291071e-01 0.000000e+00 
3.292857e-01 0.000000e+00 
3.294643e-01 0.000000e+00 
3.296429e-01 0.000000e+00 
3.298214e-01 0.000000e+00 
3.300000e-01 0.000000e+00 
3.301786e-01 0.000000e+00 
3.303571e-01 0.000000e+00 
3.305357e-01 0.000000e+00 
3.307143e-01 0.000000e+00 
3.308929e-01 0.000000e+00 
3.310714e-01 0.000000e+00 
3.312500e-01 0.000000e+00 
3.314286e-01 0.000000e+00 
3.316071e-01 0.000000e+00 
3.317857e-01 0.000000e+00 
3.319643e-01 0.000000e+00 
3.321429e-01 0.000000e+00 
3.323214e-01 0.000000e+00 
3.325000e-01 0.000000e+00 
3.326786e-01 0.000000e+00 
3.328571e-01 0.000000e+00 
3.330357e-01 0.000000e+00 
3.332143e-01 0.000000e+00 
3.333929e-01 0.000000e+00 
3.335714e-01 0.000000e+00 
3.337500e-01 0.000000e+00 
3.339286e-01 0.000000e+00 
3.341071e-01 0.000000e+00 
3.342857e-01 0.000000e+00 
3.344643e-01 0.000000e+00 
3.346429e-01 0.000000e+00 
3.348214e-01 0.000000e+00 
3.350000e-01 0.000000e+00 
3.351786e-01 0.000000e+00 
3.353571e-01 0.000000e+00 
3.355357e-01 0.000000e+00 
3.357143e-01 0.000000e+00 
3.358929e-01 0.000000e+00 
3.360714e-01 0.000000e+00 
3.362500e-01 0.000000e+00 
3.364286e-01 0.000000e+00 
3.366071e-01 0.000000e+00 
3.367857e-01 0.000000e+00 
3.369643e-01 0.000000e+00 
3.371429e-01 0.000000e+00 
3.373214e-01 0.000000e+00 
3.375000e-01 0.000000e+00 
3.376786e-01 0.000000e+00 
3.378571e-01 0.000000e+00 
3.380357e-01 0.000000e+00 
3.382143e-01 0.000000e+00 
3.383929e-01 0.000000e+00 
3.385714e-01 0.000000e+00 
3.387500e-01 0.000000e+00 
3.389286e-01 0.000000e+00 
3.391071e-01 0.000000e+00 
3.392857e-01 0.000000e+00 
3.394643e-01 0.000000e+00 
3.396429e-01 0.000000e+00 
3.398214e-01 0.000000e+00 
3.400000e-01 0.000000e+00 
3.401786e-01 0.000000e+00 
3.403571e-01 0.000000e+00 
3.405357e-01 0.000000e+00 
3.407143e-01 0.000000e+00 
3.408929e-01 0.000000e+00 
3.410714e-01 0.000000e+00 
3.412500e-01 0.000000e+00 
3.414286e-01 0.000000e+00 
3.416071e-01 0.000000e+00 
3.417857e-01 0.000000e+00 
3.419643e-01 0.000000e+00 
3.421429e-01 0.000000e+00 
3.423214e-01 0.000000e+00 
3.425000e-01 0.000000e+00 
3.426786e-01 0.000000e+00 
3.428571e-01 0.000000e+00 
3.430357e-01 0.000000e+00 
3.432143e-01 0.000000e+00 
3.433929e-01 0.000000e+00 
3.435714e-01 0.000000e+00 
3.437500e-01 0.000000e+00 
3.439286e-01 0.000000e+00 
3.441071e-01 0.000000e+00 
3.442857e-01 0.000000e+00 
3.444643e-01 0.000000e+00 
3.446429e-01 0.000000e+00 
3.448214e-01 0.000000e+00 
3.450000e-01 0.000000e+00 
3.451786e-01 0.000000e+00 
3.453571e-01 0.000000e+00 
3.455357e-01 0.000000e+00 
3.457143e-01 0.000000e+00 
3.458929e-01 0.000000e+00 
3.460714e-01 0.000000e+00 
3.462500e-01 0.000000e+00 
3.464286e-01 0.000000e+00 
3.466071e-01 0.000000e+00 
3.467857e-01 0.000000e+00 
3.469643e-01 0.000000e+00 
3.471429e-01 0.000000e+00 
3.473214e-01 0.000000e+00 
3.475000e-01 0.000000e+00 
3.476786e-01 0.000000e+00 
3.478571e-01 0.000000e+00 
3.480357e-01 0.000000e+00 
3.482143e-01 0.000000e+00 
